Generation 419, Best Fitness: 457111.476, Amplitude: [ 0.23871815  0.41595985  0.27637712  0.1199176  -0.31645782 -1.19021552
 -0.05023986  0.86720175  0.36891753 -0.06648156], Phase: [ 0.17661078 -0.22844503  0.92384686 -0.70965866  0.4380141   0.57688551
 -0.71234301  0.72375001 -0.16188477 -1.07020676], Offset: [-0.29934747  0.93490002  0.93017835  1.59207509  0.69039475  0.37617098
  0.1013446   1.02332079  0.69967704  0.42917579]
-------------------------------------
Generation 419, Best Overall: 457111.476, Amplitude: [ 0.23871815  0.41595985  0.27637712  0.1199176  -0.31645782 -1.19021552
 -0.05023986  0.86720175  0.36891753 -0.06648156], Phase: [ 0.17661078 -0.22844503  0.92384686 -0.70965866  0.4380141   0.57688551
 -0.71234301  0.72375001 -0.16188477 -1.07020676], Offset: [-0.29934747  0.93490002  0.93017835  1.59207509  0.69039475  0.37617098
  0.1013446   1.02332079  0.69967704  0.42917579]
-------------------------------------
