Generation 9, Best Fitness: 1.387, Amplitude: [ 0.13844154  0.44724836  0.8634002  -0.28163321 -0.46311969  1.00379909
  0.11433108  1.64434041 -0.08960108  0.35979844], Phase: [ 0.03301051  1.11162137  1.02082034  0.33554692 -0.33116432 -0.37855188
  0.46068405  0.90598887  0.50097075  0.51004812], Offset: [ 0.12088879 -0.33046652 -0.38984641 -0.31132712  0.30406225  0.13406865
 -0.64769159 -0.37272709  0.0639154  -0.01747304]
-------------------------------------
Generation 9, Best Overall: 1.387, Amplitude: [ 0.13844154  0.44724836  0.8634002  -0.28163321 -0.46311969  1.00379909
  0.11433108  1.64434041 -0.08960108  0.35979844], Phase: [ 0.03301051  1.11162137  1.02082034  0.33554692 -0.33116432 -0.37855188
  0.46068405  0.90598887  0.50097075  0.51004812], Offset: [ 0.12088879 -0.33046652 -0.38984641 -0.31132712  0.30406225  0.13406865
 -0.64769159 -0.37272709  0.0639154  -0.01747304]
-------------------------------------
