Generation 3, Best Fitness: 1.146, Amplitude: [ 1.04831649e-03  3.88288572e-01  3.61772586e-01 -1.91937577e-01
  2.61186763e-01  1.09076036e+00  1.12481460e-01  4.95226574e-01
  1.13592949e-01  8.51565476e-01], Phase: [ 0.96345074  0.0428756   0.37922116  0.00677086  0.41781829 -0.80067372
 -0.71106911  0.26690654 -0.2357155   0.46570681], Offset: [ 0.13383658 -0.51232685  1.37966153  0.02900942  1.31366816  0.44796566
  0.58729996  0.67667133  0.45533063  0.3826402 ]
-------------------------------------
Generation 3, Best Overall: 1.146, Amplitude: [ 1.04831649e-03  3.88288572e-01  3.61772586e-01 -1.91937577e-01
  2.61186763e-01  1.09076036e+00  1.12481460e-01  4.95226574e-01
  1.13592949e-01  8.51565476e-01], Phase: [ 0.96345074  0.0428756   0.37922116  0.00677086  0.41781829 -0.80067372
 -0.71106911  0.26690654 -0.2357155   0.46570681], Offset: [ 0.13383658 -0.51232685  1.37966153  0.02900942  1.31366816  0.44796566
  0.58729996  0.67667133  0.45533063  0.3826402 ]
-------------------------------------
