Generation 6, Best Fitness: 1.310, Amplitude: [ 0.68563483  0.63383753  0.20392782  0.30593798  0.87489529  0.65544615
 -0.16265879  1.0207551   1.44895498  1.28946779], Phase: [ 0.12331196  0.41545708  0.55410475 -0.34995734 -0.36158986 -0.0989407
 -0.00438748  0.07752815  0.5521205  -0.72376271], Offset: [-0.05666581 -0.34002461  0.30484513  2.05323231  0.46489251  0.85859008
  0.80309373  0.86448883  0.7881981   0.90297236]
-------------------------------------
Generation 6, Best Overall: 1.310, Amplitude: [ 0.68563483  0.63383753  0.20392782  0.30593798  0.87489529  0.65544615
 -0.16265879  1.0207551   1.44895498  1.28946779], Phase: [ 0.12331196  0.41545708  0.55410475 -0.34995734 -0.36158986 -0.0989407
 -0.00438748  0.07752815  0.5521205  -0.72376271], Offset: [-0.05666581 -0.34002461  0.30484513  2.05323231  0.46489251  0.85859008
  0.80309373  0.86448883  0.7881981   0.90297236]
-------------------------------------
