Generation 2, Best Fitness: 1.115, Amplitude: [ 0.34601807  0.97562421 -0.1822569   0.12676058  0.47260658  0.32853569
 -0.60869846  0.22216382  0.25513481 -0.17602234], Phase: [ 0.47371043 -0.09076104 -0.11762727 -0.09867782  0.35090088  0.27558024
  1.33691838  1.19261987  0.0059923   0.82987913], Offset: [ 0.48725787  0.17316084 -0.07207428 -0.28892612 -0.05727973  0.20253564
 -0.62451771  0.12719837  0.09871341 -0.42039612]
-------------------------------------
Generation 2, Best Overall: 1.115, Amplitude: [ 0.34601807  0.97562421 -0.1822569   0.12676058  0.47260658  0.32853569
 -0.60869846  0.22216382  0.25513481 -0.17602234], Phase: [ 0.47371043 -0.09076104 -0.11762727 -0.09867782  0.35090088  0.27558024
  1.33691838  1.19261987  0.0059923   0.82987913], Offset: [ 0.48725787  0.17316084 -0.07207428 -0.28892612 -0.05727973  0.20253564
 -0.62451771  0.12719837  0.09871341 -0.42039612]
-------------------------------------
