Generation 11, Best Fitness: 1.461, Amplitude: [ 0.76621926 -0.4446977   0.77718014  0.36147736  1.0841739   0.54719248
  0.26906775 -0.15046067  1.32330232  1.26514477], Phase: [ 0.63274217  0.45221314  0.74255334  0.72608625 -0.0799291   0.06077522
  0.37267757 -0.11392608 -0.24015516  0.00107532], Offset: [ 0.44758487  0.78449866 -0.26295865  0.21709106  0.65567346  0.71003326
  0.62571276 -0.584121    0.69722505 -0.32942097]
-------------------------------------
Generation 11, Best Overall: 1.461, Amplitude: [ 0.76621926 -0.4446977   0.77718014  0.36147736  1.0841739   0.54719248
  0.26906775 -0.15046067  1.32330232  1.26514477], Phase: [ 0.63274217  0.45221314  0.74255334  0.72608625 -0.0799291   0.06077522
  0.37267757 -0.11392608 -0.24015516  0.00107532], Offset: [ 0.44758487  0.78449866 -0.26295865  0.21709106  0.65567346  0.71003326
  0.62571276 -0.584121    0.69722505 -0.32942097]
-------------------------------------
