Generation 0, Best Fitness: 0.962, Amplitude: [ 1.27254856  0.4788596  -0.4669276   0.25596756 -0.12691138  0.2168351
  1.1897552  -0.32334956  0.17885116  0.4733037 ], Phase: [-0.19095811  0.58841997  0.0634464   0.54123982 -1.02721406  0.26968
  0.39002513  0.28665804  0.1757633  -0.3188367 ], Offset: [0.91720103 0.44855611 1.12825502 0.00555355 0.17842485 0.18811284
 0.34663727 0.83435792 0.33351936 1.11629822]
-------------------------------------
Generation 0, Best Overall: 0.962, Amplitude: [ 1.27254856  0.4788596  -0.4669276   0.25596756 -0.12691138  0.2168351
  1.1897552  -0.32334956  0.17885116  0.4733037 ], Phase: [-0.19095811  0.58841997  0.0634464   0.54123982 -1.02721406  0.26968
  0.39002513  0.28665804  0.1757633  -0.3188367 ], Offset: [0.91720103 0.44855611 1.12825502 0.00555355 0.17842485 0.18811284
 0.34663727 0.83435792 0.33351936 1.11629822]
-------------------------------------
