Generation 224, Best Fitness: 5.123, Amplitude: [ 0.51565125  0.89724665 -0.20391862  1.11335265  0.12855455 -0.07928758
  0.70297732 -0.38597063 -0.67971219 -0.4170766 ], Phase: [ 0.61759535  0.57394242  0.51755553  0.25142626  0.34687917 -0.19785425
 -0.09689478  0.07990508 -0.31212748  0.88100557], Offset: [ 0.21735779 -0.13586097  0.21139365  0.5478099   0.27795023  0.33826966
  0.18461704  0.5104616  -0.04880822 -0.18569042]
-------------------------------------
Generation 224, Best Overall: 5.123, Amplitude: [ 0.51565125  0.89724665 -0.20391862  1.11335265  0.12855455 -0.07928758
  0.70297732 -0.38597063 -0.67971219 -0.4170766 ], Phase: [ 0.61759535  0.57394242  0.51755553  0.25142626  0.34687917 -0.19785425
 -0.09689478  0.07990508 -0.31212748  0.88100557], Offset: [ 0.21735779 -0.13586097  0.21139365  0.5478099   0.27795023  0.33826966
  0.18461704  0.5104616  -0.04880822 -0.18569042]
-------------------------------------
