Generation 5, Best Fitness: 1.279, Amplitude: [-0.15769931 -0.38631297  0.73026383 -0.0729905   0.39447884  0.15107
  0.84030606  1.37429553  0.45537503 -0.34721852], Phase: [ 0.15075375  0.19345493 -0.43082757  0.36843135  0.05510996  0.55197702
 -0.43460949  0.20140672 -0.27140127  0.39340523], Offset: [ 0.2603602  -0.20255549  0.53260915 -0.61568709  0.53779746 -0.4294566
 -0.04327567  0.83498598  0.65805064  0.03504911]
-------------------------------------
Generation 5, Best Overall: 1.279, Amplitude: [-0.15769931 -0.38631297  0.73026383 -0.0729905   0.39447884  0.15107
  0.84030606  1.37429553  0.45537503 -0.34721852], Phase: [ 0.15075375  0.19345493 -0.43082757  0.36843135  0.05510996  0.55197702
 -0.43460949  0.20140672 -0.27140127  0.39340523], Offset: [ 0.2603602  -0.20255549  0.53260915 -0.61568709  0.53779746 -0.4294566
 -0.04327567  0.83498598  0.65805064  0.03504911]
-------------------------------------
