Generation 21, Best Fitness: 2.082, Amplitude: [ 1.09227694  0.92918647  0.78047862  0.10408627  0.55345618 -0.20840757
  0.41958317  0.00401175  0.51071913 -0.4304822 ], Phase: [ 0.47519152  0.45564837  1.08975421 -0.38753017  0.25256385  0.37718444
  0.44695168  0.90223687  0.56551771  0.05815951], Offset: [ 1.92931476e-01 -5.56241487e-03  1.10497002e-04  2.85806768e-01
 -2.98973152e-01  5.24668752e-01 -2.24228242e-01  9.28521746e-01
  5.83869340e-01  6.18674592e-01]
-------------------------------------
Generation 21, Best Overall: 2.082, Amplitude: [ 1.09227694  0.92918647  0.78047862  0.10408627  0.55345618 -0.20840757
  0.41958317  0.00401175  0.51071913 -0.4304822 ], Phase: [ 0.47519152  0.45564837  1.08975421 -0.38753017  0.25256385  0.37718444
  0.44695168  0.90223687  0.56551771  0.05815951], Offset: [ 1.92931476e-01 -5.56241487e-03  1.10497002e-04  2.85806768e-01
 -2.98973152e-01  5.24668752e-01 -2.24228242e-01  9.28521746e-01
  5.83869340e-01  6.18674592e-01]
-------------------------------------
