% # columns="iteration, evaluation, min max(neg(.)) min(pos(.)) max correlation, correlation matrix principal axes lengths  (sorted square roots of eigenvalues of correlation matrix)", seed=799291, Sat Mar 22 10:12:56 2025
1 10 -0.056563984971236124 -0.023842344432233514 0.008795783251309924 0.057320808820615424 0.9298808726611604 0.9622450563630284 0.9865146255129497 1.0044859668408206 1.0123176656901056 1.0175709063180403 1.0286319424286003 1.0530344588830511
2 20 -0.08964913659200116 -0.04111111906316313 0.008343390987109634 0.12277187339152007 0.9298808726611604 0.9622450563630284 0.9865146255129497 1.0044859668408206 1.0123176656901056 1.0175709063180403 1.0286319424286003 1.0530344588830511
3 30 -0.1333233900019027 -0.042607189521383954 0.012235355386892782 0.1842179996726725 0.9298808726611604 0.9622450563630284 0.9865146255129497 1.0044859668408206 1.0123176656901056 1.0175709063180403 1.0286319424286003 1.0530344588830511
4 40 -0.12459712449363095 -0.03790339851667657 0.0158503567184489 0.1855346354537838 0.9298808726611604 0.9622450563630284 0.9865146255129497 1.0044859668408206 1.0123176656901056 1.0175709063180403 1.0286319424286003 1.0530344588830511
5 50 -0.13385614851181005 -0.03029616912039908 0.020966171773538645 0.1722731440735029 0.9298808726611604 0.9622450563630284 0.9865146255129497 1.0044859668408206 1.0123176656901056 1.0175709063180403 1.0286319424286003 1.0530344588830511
6 60 -0.1596761519191937 -0.04217881704170362 0.03847229160407235 0.1982702772616184 0.9298808726611604 0.9622450563630284 0.9865146255129497 1.0044859668408206 1.0123176656901056 1.0175709063180403 1.0286319424286003 1.0530344588830511
7 70 -0.1068282944824377 -0.0398504799317301 0.03294250475766453 0.16346455394654488 0.9298808726611604 0.9622450563630284 0.9865146255129497 1.0044859668408206 1.0123176656901056 1.0175709063180403 1.0286319424286003 1.0530344588830511
8 80 -0.12198301222604038 -0.054959588424928596 0.011417520361662721 0.1459291985923915 0.9298808726611604 0.9622450563630284 0.9865146255129497 1.0044859668408206 1.0123176656901056 1.0175709063180403 1.0286319424286003 1.0530344588830511
9 90 -0.1287077374544204 -0.05391355367555431 0.030625402786163842 0.16887286066346183 0.8280983757896974 0.9148210353954703 0.9556420437257788 0.9779439051343103 0.9990188071282055 1.0576132645366474 1.080062171399557 1.1509174025440059
10 100 -0.14285437345669935 -0.05260375472399855 0.037222981902782754 0.20349666662422916 0.8280983757896974 0.9148210353954703 0.9556420437257788 0.9779439051343103 0.9990188071282055 1.0576132645366474 1.080062171399557 1.1509174025440059
11 110 -0.19702106742843178 -0.06679804414556903 0.03382536896643832 0.18897786311977618 0.8280983757896974 0.9148210353954703 0.9556420437257788 0.9779439051343103 0.9990188071282055 1.0576132645366474 1.080062171399557 1.1509174025440059
12 120 -0.15341110911081585 -0.05476754594226957 0.040093436417368844 0.23073845064093287 0.8280983757896974 0.9148210353954703 0.9556420437257788 0.9779439051343103 0.9990188071282055 1.0576132645366474 1.080062171399557 1.1509174025440059
13 130 -0.17854954385835414 -0.08019383427506709 0.0455108403208712 0.21974283007385717 0.8280983757896974 0.9148210353954703 0.9556420437257788 0.9779439051343103 0.9990188071282055 1.0576132645366474 1.080062171399557 1.1509174025440059
14 140 -0.17638540239919248 -0.06153764801860724 0.06425193940875623 0.221304327583288 0.8280983757896974 0.9148210353954703 0.9556420437257788 0.9779439051343103 0.9990188071282055 1.0576132645366474 1.080062171399557 1.1509174025440059
15 150 -0.1674051810626376 -0.04848395973390768 0.06326319756951682 0.32276142992935847 0.8280983757896974 0.9148210353954703 0.9556420437257788 0.9779439051343103 0.9990188071282055 1.0576132645366474 1.080062171399557 1.1509174025440059
16 160 -0.19412965359581666 -0.06112886204430433 0.06162743343112216 0.28117934419658824 0.8280983757896974 0.9148210353954703 0.9556420437257788 0.9779439051343103 0.9990188071282055 1.0576132645366474 1.080062171399557 1.1509174025440059
17 170 -0.24061790996302318 -0.047260773196844824 0.0925755826876725 0.3255294419455939 0.7535220037435504 0.8437880743327569 0.8865409603712464 0.9503213893641591 0.9971341395595581 1.0327375222289288 1.1502344446160495 1.2834711131588474
18 180 -0.2149790594423403 -0.049083690567547425 0.09424690132699366 0.33714600448502696 0.7535220037435504 0.8437880743327569 0.8865409603712464 0.9503213893641591 0.9971341395595581 1.0327375222289288 1.1502344446160495 1.2834711131588474
19 190 -0.20689304554108104 -0.07659646754391544 0.0861689439093081 0.30662741728723036 0.7535220037435504 0.8437880743327569 0.8865409603712464 0.9503213893641591 0.9971341395595581 1.0327375222289288 1.1502344446160495 1.2834711131588474
20 200 -0.19591613437564415 -0.08205090296160149 0.0946455964100899 0.33078629447332775 0.7535220037435504 0.8437880743327569 0.8865409603712464 0.9503213893641591 0.9971341395595581 1.0327375222289288 1.1502344446160495 1.2834711131588474
21 210 -0.24358254039566826 -0.09111054212432491 0.08469524058306657 0.2776292154701506 0.7535220037435504 0.8437880743327569 0.8865409603712464 0.9503213893641591 0.9971341395595581 1.0327375222289288 1.1502344446160495 1.2834711131588474
22 220 -0.21664897326771299 -0.06938395771798075 0.08471985791430173 0.3036717165131769 0.7535220037435504 0.8437880743327569 0.8865409603712464 0.9503213893641591 0.9971341395595581 1.0327375222289288 1.1502344446160495 1.2834711131588474
23 230 -0.20369096069797066 -0.08710355380422449 0.10304553270401369 0.2907657518733262 0.7535220037435504 0.8437880743327569 0.8865409603712464 0.9503213893641591 0.9971341395595581 1.0327375222289288 1.1502344446160495 1.2834711131588474
24 240 -0.18463468659124072 -0.1006130288418595 0.10592520611609922 0.23797404680461157 0.7535220037435504 0.8437880743327569 0.8865409603712464 0.9503213893641591 0.9971341395595581 1.0327375222289288 1.1502344446160495 1.2834711131588474
25 250 -0.23115413623320877 -0.0915480453819999 0.11895018117775184 0.23251149182926492 0.7247563376411522 0.8249532366164459 0.8868256176570194 0.9040045857594627 0.9519942105383169 1.0704750494319095 1.2399763101617352 1.2652056683089554
26 260 -0.251266632376192 -0.08852725884749263 0.09260035562508113 0.241615420426874 0.7247563376411522 0.8249532366164459 0.8868256176570194 0.9040045857594627 0.9519942105383169 1.0704750494319095 1.2399763101617352 1.2652056683089554
27 270 -0.26209262177419457 -0.08079590020414393 0.10871419560829791 0.2556350869019492 0.7247563376411522 0.8249532366164459 0.8868256176570194 0.9040045857594627 0.9519942105383169 1.0704750494319095 1.2399763101617352 1.2652056683089554
28 280 -0.26281728420578965 -0.09995308197510265 0.12970289292492845 0.26362327917671985 0.7247563376411522 0.8249532366164459 0.8868256176570194 0.9040045857594627 0.9519942105383169 1.0704750494319095 1.2399763101617352 1.2652056683089554
29 290 -0.20742398329044293 -0.11274191875386907 0.11790880136853257 0.29580265513966525 0.7247563376411522 0.8249532366164459 0.8868256176570194 0.9040045857594627 0.9519942105383169 1.0704750494319095 1.2399763101617352 1.2652056683089554
30 300 -0.21042518011226494 -0.11139922788275525 0.13644147234842385 0.298880378926013 0.7247563376411522 0.8249532366164459 0.8868256176570194 0.9040045857594627 0.9519942105383169 1.0704750494319095 1.2399763101617352 1.2652056683089554
31 310 -0.20582410943566845 -0.11029918445437595 0.10453356395461351 0.3047457627965647 0.7247563376411522 0.8249532366164459 0.8868256176570194 0.9040045857594627 0.9519942105383169 1.0704750494319095 1.2399763101617352 1.2652056683089554
32 320 -0.25110543885621645 -0.09630943847628672 0.11961502423336472 0.3287401318968339 0.7247563376411522 0.8249532366164459 0.8868256176570194 0.9040045857594627 0.9519942105383169 1.0704750494319095 1.2399763101617352 1.2652056683089554
33 330 -0.265036224026037 -0.06831909295058582 0.13899260749188755 0.31667381402451245 0.7074955423425613 0.8053243647193867 0.8459801564660246 0.9184010920432257 1.0354693667076746 1.1432146584487604 1.1788182241271243 1.2341032225620023
34 340 -0.21015322896439004 -0.06791235982377905 0.11551587142035181 0.36968399360733806 0.7074955423425613 0.8053243647193867 0.8459801564660246 0.9184010920432257 1.0354693667076746 1.1432146584487604 1.1788182241271243 1.2341032225620023
35 350 -0.20420860872520774 -0.07392967807601317 0.08992233222779804 0.4297819802557013 0.7074955423425613 0.8053243647193867 0.8459801564660246 0.9184010920432257 1.0354693667076746 1.1432146584487604 1.1788182241271243 1.2341032225620023
36 360 -0.24554641130737978 -0.06437593429295944 0.09903614087230043 0.4621704222930024 0.7074955423425613 0.8053243647193867 0.8459801564660246 0.9184010920432257 1.0354693667076746 1.1432146584487604 1.1788182241271243 1.2341032225620023
37 370 -0.2961384152347971 -0.06450815354353857 0.10723631191158689 0.51044566643727 0.7074955423425613 0.8053243647193867 0.8459801564660246 0.9184010920432257 1.0354693667076746 1.1432146584487604 1.1788182241271243 1.2341032225620023
38 380 -0.2701598636898194 -0.08471900541133809 0.13411054978102593 0.5182109109710108 0.7074955423425613 0.8053243647193867 0.8459801564660246 0.9184010920432257 1.0354693667076746 1.1432146584487604 1.1788182241271243 1.2341032225620023
39 390 -0.24340644835234154 -0.06676070183659169 0.11521946313454001 0.5706640089324636 0.7074955423425613 0.8053243647193867 0.8459801564660246 0.9184010920432257 1.0354693667076746 1.1432146584487604 1.1788182241271243 1.2341032225620023
40 400 -0.24638200422896778 -0.04377579538535297 0.11514261977326784 0.6037627132301165 0.7074955423425613 0.8053243647193867 0.8459801564660246 0.9184010920432257 1.0354693667076746 1.1432146584487604 1.1788182241271243 1.2341032225620023
41 410 -0.23663412688784047 -0.05882725119306842 0.09635460584397879 0.6222686527996169 0.6003250919983733 0.7666201812591751 0.8522298058833748 0.9284393882205098 1.0171141873166831 1.0974633062416774 1.1619717196326333 1.3691174844235232
42 420 -0.24856377364322918 -0.05716081969616349 0.11464220565137716 0.6572955868288416 0.6003250919983733 0.7666201812591751 0.8522298058833748 0.9284393882205098 1.0171141873166831 1.0974633062416774 1.1619717196326333 1.3691174844235232
43 430 -0.2274088083674055 -0.03953134321080165 0.12657505403678826 0.6832940094652749 0.6003250919983733 0.7666201812591751 0.8522298058833748 0.9284393882205098 1.0171141873166831 1.0974633062416774 1.1619717196326333 1.3691174844235232
44 440 -0.1883014669803212 -0.019358183670367256 0.1410850254347646 0.7057664571837372 0.6003250919983733 0.7666201812591751 0.8522298058833748 0.9284393882205098 1.0171141873166831 1.0974633062416774 1.1619717196326333 1.3691174844235232
45 450 -0.17373132885834558 0.021002821638911057 0.12179076775452674 0.7384942924873729 0.6003250919983733 0.7666201812591751 0.8522298058833748 0.9284393882205098 1.0171141873166831 1.0974633062416774 1.1619717196326333 1.3691174844235232
46 460 -0.17123543380370557 -0.00123072814171738 0.12994871378017175 0.7109093539935262 0.6003250919983733 0.7666201812591751 0.8522298058833748 0.9284393882205098 1.0171141873166831 1.0974633062416774 1.1619717196326333 1.3691174844235232
47 470 -0.1693526756155318 -0.0033711864709530335 0.10056245296168143 0.738208876233516 0.6003250919983733 0.7666201812591751 0.8522298058833748 0.9284393882205098 1.0171141873166831 1.0974633062416774 1.1619717196326333 1.3691174844235232
48 480 -0.2746779673785928 -0.0001572778853124908 0.08091056928855853 0.7684755965942908 0.6003250919983733 0.7666201812591751 0.8522298058833748 0.9284393882205098 1.0171141873166831 1.0974633062416774 1.1619717196326333 1.3691174844235232
49 490 -0.26932921146100974 -0.012418023145686383 0.13574842194139602 0.8300856520027856 0.4039811934941095 0.690622874042888 0.7848416420400912 0.927674522668104 0.9921495937181799 1.0250865100368463 1.1802629819609216 1.5668755349746761
50 500 -0.28775957204056685 0.019443744182014052 0.18123888206409408 0.8694052366656927 0.4039811934941095 0.690622874042888 0.7848416420400912 0.927674522668104 0.9921495937181799 1.0250865100368463 1.1802629819609216 1.5668755349746761
51 510 -0.2649600011225795 0.012283597157458193 0.13143226836145694 0.8797216330717674 0.4039811934941095 0.690622874042888 0.7848416420400912 0.927674522668104 0.9921495937181799 1.0250865100368463 1.1802629819609216 1.5668755349746761
52 520 -0.2257052254778418 0.03286250845041518 0.13450353197745588 0.8770001180045878 0.4039811934941095 0.690622874042888 0.7848416420400912 0.927674522668104 0.9921495937181799 1.0250865100368463 1.1802629819609216 1.5668755349746761
53 530 -0.21666288614890045 0.027770756357829066 0.13394365068587238 0.8826155519862403 0.4039811934941095 0.690622874042888 0.7848416420400912 0.927674522668104 0.9921495937181799 1.0250865100368463 1.1802629819609216 1.5668755349746761
54 540 -0.196660152797379 0.011594676850530148 0.12912329591327923 0.8842282725427556 0.4039811934941095 0.690622874042888 0.7848416420400912 0.927674522668104 0.9921495937181799 1.0250865100368463 1.1802629819609216 1.5668755349746761
55 550 -0.214148449623513 0.03334669870284491 0.1654206325860733 0.8788420986132618 0.4039811934941095 0.690622874042888 0.7848416420400912 0.927674522668104 0.9921495937181799 1.0250865100368463 1.1802629819609216 1.5668755349746761
56 560 -0.1950339431358625 -0.014078119460478605 0.1502414721263826 0.900646024106848 0.4039811934941095 0.690622874042888 0.7848416420400912 0.927674522668104 0.9921495937181799 1.0250865100368463 1.1802629819609216 1.5668755349746761
57 570 -0.19718174641450972 0.00044390987738276164 0.2100679287936686 0.903165059585425 0.29393999004319754 0.533959469317279 0.8230390248919328 0.8481558106519564 0.9281475304221104 1.0810063575551618 1.172107140355856 1.6816234179998655
58 580 -0.13876618153814735 0.0398833251300505 0.20394761634258435 0.9016259952070541 0.29393999004319754 0.533959469317279 0.8230390248919328 0.8481558106519564 0.9281475304221104 1.0810063575551618 1.172107140355856 1.6816234179998655
59 590 -0.09611539893969812 0.05807815046519309 0.24702865279513042 0.8980336782909579 0.29393999004319754 0.533959469317279 0.8230390248919328 0.8481558106519564 0.9281475304221104 1.0810063575551618 1.172107140355856 1.6816234179998655
60 600 -0.10846285658279568 0.01754446841549517 0.23111947650931403 0.9050363522217836 0.29393999004319754 0.533959469317279 0.8230390248919328 0.8481558106519564 0.9281475304221104 1.0810063575551618 1.172107140355856 1.6816234179998655
61 610 -0.09724686463067361 0.029017918917484377 0.22740168963736934 0.9053287914872139 0.29393999004319754 0.533959469317279 0.8230390248919328 0.8481558106519564 0.9281475304221104 1.0810063575551618 1.172107140355856 1.6816234179998655
62 620 -0.10444621105458674 -0.0328426466205489 0.20254360272504818 0.9100943529838093 0.29393999004319754 0.533959469317279 0.8230390248919328 0.8481558106519564 0.9281475304221104 1.0810063575551618 1.172107140355856 1.6816234179998655
63 630 -0.14008782820123192 -0.05682249222067777 0.17002365347565135 0.9107355953258746 0.29393999004319754 0.533959469317279 0.8230390248919328 0.8481558106519564 0.9281475304221104 1.0810063575551618 1.172107140355856 1.6816234179998655
64 640 -0.18980943835782402 -0.041827065230173564 0.18428824430167828 0.9162065281144801 0.29393999004319754 0.533959469317279 0.8230390248919328 0.8481558106519564 0.9281475304221104 1.0810063575551618 1.172107140355856 1.6816234179998655
65 650 -0.18604257067684796 -0.033389003583603576 0.17539448620784626 0.9077864084668675 0.26388067553158934 0.5597861761521384 0.8050112809129313 0.9227353803417622 0.9601268710097337 1.0659659153034937 1.124951134679793 1.6714905578845827
66 660 -0.17002921435129725 -0.026232347006989877 0.18184310098954604 0.9210296918404758 0.26388067553158934 0.5597861761521384 0.8050112809129313 0.9227353803417622 0.9601268710097337 1.0659659153034937 1.124951134679793 1.6714905578845827
67 670 -0.18209841384624426 -0.003383929662746445 0.1667501607425045 0.9195110382084634 0.26388067553158934 0.5597861761521384 0.8050112809129313 0.9227353803417622 0.9601268710097337 1.0659659153034937 1.124951134679793 1.6714905578845827
68 680 -0.181511858530064 -0.04277453986763442 0.19164071085399198 0.9198379903641515 0.26388067553158934 0.5597861761521384 0.8050112809129313 0.9227353803417622 0.9601268710097337 1.0659659153034937 1.124951134679793 1.6714905578845827
69 690 -0.1612357428878403 -0.03927219870399113 0.2083691751505531 0.91592832606244 0.26388067553158934 0.5597861761521384 0.8050112809129313 0.9227353803417622 0.9601268710097337 1.0659659153034937 1.124951134679793 1.6714905578845827
70 700 -0.13328323720177984 -0.019421955738521297 0.2908402879064951 0.9226492145658447 0.26388067553158934 0.5597861761521384 0.8050112809129313 0.9227353803417622 0.9601268710097337 1.0659659153034937 1.124951134679793 1.6714905578845827
71 710 -0.09385350625031189 -0.01214261835529599 0.18833240265035317 0.9283661998758338 0.26388067553158934 0.5597861761521384 0.8050112809129313 0.9227353803417622 0.9601268710097337 1.0659659153034937 1.124951134679793 1.6714905578845827
72 720 -0.10022413409995516 -0.03398913308528145 0.18470716720225466 0.9317810202252078 0.26388067553158934 0.5597861761521384 0.8050112809129313 0.9227353803417622 0.9601268710097337 1.0659659153034937 1.124951134679793 1.6714905578845827
73 730 -0.15316410148745963 -0.0212075738246983 0.18572292550394184 0.9354575420563175 0.22765172702045805 0.45911418538127086 0.7074105130446144 0.9140478243034408 0.9951476145850715 1.0606752989540533 1.0974336378567662 1.7554954693080895
74 740 -0.20969960943934174 -0.009098052153539676 0.23861892109586785 0.9359646671489964 0.22765172702045805 0.45911418538127086 0.7074105130446144 0.9140478243034408 0.9951476145850715 1.0606752989540533 1.0974336378567662 1.7554954693080895
75 750 -0.20177332204934625 -0.017903338028818112 0.24850807830385027 0.9407040311110805 0.22765172702045805 0.45911418538127086 0.7074105130446144 0.9140478243034408 0.9951476145850715 1.0606752989540533 1.0974336378567662 1.7554954693080895
76 760 -0.1574370692358984 -0.009625021017047104 0.24446827016835412 0.937582614609393 0.22765172702045805 0.45911418538127086 0.7074105130446144 0.9140478243034408 0.9951476145850715 1.0606752989540533 1.0974336378567662 1.7554954693080895
77 770 -0.17067752331387592 -0.025235916421969803 0.19032032229191986 0.9343370361775715 0.22765172702045805 0.45911418538127086 0.7074105130446144 0.9140478243034408 0.9951476145850715 1.0606752989540533 1.0974336378567662 1.7554954693080895
78 780 -0.17969178640860697 -0.01850725076315885 0.19518534413162822 0.9333112791888033 0.22765172702045805 0.45911418538127086 0.7074105130446144 0.9140478243034408 0.9951476145850715 1.0606752989540533 1.0974336378567662 1.7554954693080895
79 790 -0.1370160200452385 -0.04144624371924485 0.16813475307848175 0.9347740343950721 0.22765172702045805 0.45911418538127086 0.7074105130446144 0.9140478243034408 0.9951476145850715 1.0606752989540533 1.0974336378567662 1.7554954693080895
80 800 -0.16950667446493548 -0.004844184189467086 0.16342162950349062 0.9347024460632798 0.22765172702045805 0.45911418538127086 0.7074105130446144 0.9140478243034408 0.9951476145850715 1.0606752989540533 1.0974336378567662 1.7554954693080895
81 810 -0.15781781658309546 -0.010067219651899294 0.1810321412188625 0.9233147507309674 0.23922139745654736 0.4191688907486876 0.6468052148518949 0.8798366637285532 0.9610798019535415 1.0885928816869643 1.1182878577515942 1.793132578101691
82 820 -0.1507442672736014 -0.031084717112730274 0.1585198427812567 0.9280095133366528 0.23922139745654736 0.4191688907486876 0.6468052148518949 0.8798366637285532 0.9610798019535415 1.0885928816869643 1.1182878577515942 1.793132578101691
83 830 -0.15175295778186693 -0.03591960695681342 0.14766983845250697 0.9210215113858514 0.23922139745654736 0.4191688907486876 0.6468052148518949 0.8798366637285532 0.9610798019535415 1.0885928816869643 1.1182878577515942 1.793132578101691
84 840 -0.17365142670292433 -0.04162728911977224 0.17945668674504958 0.916885105152371 0.23922139745654736 0.4191688907486876 0.6468052148518949 0.8798366637285532 0.9610798019535415 1.0885928816869643 1.1182878577515942 1.793132578101691
85 850 -0.2610008692364944 -0.04960962972124905 0.1698973387562609 0.9242222670585926 0.23922139745654736 0.4191688907486876 0.6468052148518949 0.8798366637285532 0.9610798019535415 1.0885928816869643 1.1182878577515942 1.793132578101691
86 860 -0.300781426979797 -0.07361229037885916 0.19194613586926895 0.9306625887429578 0.23922139745654736 0.4191688907486876 0.6468052148518949 0.8798366637285532 0.9610798019535415 1.0885928816869643 1.1182878577515942 1.793132578101691
87 870 -0.2855892463767286 -0.0715560134022539 0.1314178936361159 0.9322577363299741 0.23922139745654736 0.4191688907486876 0.6468052148518949 0.8798366637285532 0.9610798019535415 1.0885928816869643 1.1182878577515942 1.793132578101691
88 880 -0.3131194626634926 -0.05814018631992786 0.11833418483200528 0.9299026684970478 0.23922139745654736 0.4191688907486876 0.6468052148518949 0.8798366637285532 0.9610798019535415 1.0885928816869643 1.1182878577515942 1.793132578101691
89 890 -0.29665265900302396 -0.06271965235708063 0.10845824060599728 0.936728719346371 0.21461484975593798 0.3375018382992245 0.6361731482723879 0.8993158305531436 0.9461076430286199 1.0356056590516305 1.0808071989649077 1.8683695520831225
90 900 -0.2865101184663803 -0.07029075465363542 0.136659806622424 0.935842947413531 0.21461484975593798 0.3375018382992245 0.6361731482723879 0.8993158305531436 0.9461076430286199 1.0356056590516305 1.0808071989649077 1.8683695520831225
91 910 -0.2718399096082668 -0.026519871679187818 0.19719310910453966 0.930016951835947 0.21461484975593798 0.3375018382992245 0.6361731482723879 0.8993158305531436 0.9461076430286199 1.0356056590516305 1.0808071989649077 1.8683695520831225
92 920 -0.19048957140938783 -0.030157420988167816 0.24383354686205802 0.9250067918639902 0.21461484975593798 0.3375018382992245 0.6361731482723879 0.8993158305531436 0.9461076430286199 1.0356056590516305 1.0808071989649077 1.8683695520831225
93 930 -0.18339512197237662 -0.012071037021231041 0.23596073640312418 0.9126792577482756 0.21461484975593798 0.3375018382992245 0.6361731482723879 0.8993158305531436 0.9461076430286199 1.0356056590516305 1.0808071989649077 1.8683695520831225
94 940 -0.1419718384852363 -0.022958004746633783 0.2167281340473084 0.9107928402216104 0.21461484975593798 0.3375018382992245 0.6361731482723879 0.8993158305531436 0.9461076430286199 1.0356056590516305 1.0808071989649077 1.8683695520831225
95 950 -0.135669855566824 -0.03173647097893788 0.2477018395754386 0.9012111159607024 0.21461484975593798 0.3375018382992245 0.6361731482723879 0.8993158305531436 0.9461076430286199 1.0356056590516305 1.0808071989649077 1.8683695520831225
96 960 -0.23964505658017315 -0.05818913582661846 0.2760211183543987 0.9074203724390931 0.21461484975593798 0.3375018382992245 0.6361731482723879 0.8993158305531436 0.9461076430286199 1.0356056590516305 1.0808071989649077 1.8683695520831225
97 970 -0.17646688711638492 -0.0824056729320769 0.28191105248315695 0.9081039386222918 0.22334449860234232 0.35654990962395433 0.6054167622076934 0.8037095283258855 0.9481557349740616 1.027630796513142 1.1754214303803854 1.863832354130448
98 980 -0.16851614883875365 -0.08802223782104009 0.3028014801721147 0.9061497126636526 0.22334449860234232 0.35654990962395433 0.6054167622076934 0.8037095283258855 0.9481557349740616 1.027630796513142 1.1754214303803854 1.863832354130448
99 990 -0.18088145383634435 -0.07478399320644225 0.31600349590262133 0.9063956840032514 0.22334449860234232 0.35654990962395433 0.6054167622076934 0.8037095283258855 0.9481557349740616 1.027630796513142 1.1754214303803854 1.863832354130448
100 1000 -0.16481416805264065 -0.07136734966638074 0.3091352508512355 0.9109901222491096 0.22334449860234232 0.35654990962395433 0.6054167622076934 0.8037095283258855 0.9481557349740616 1.027630796513142 1.1754214303803854 1.863832354130448
101 1010 -0.11017169882098488 -0.05688830630905437 0.34344480269713584 0.908591903499958 0.22334449860234232 0.35654990962395433 0.6054167622076934 0.8037095283258855 0.9481557349740616 1.027630796513142 1.1754214303803854 1.863832354130448
102 1020 -0.09543288695944355 -0.03448859899250518 0.36568565736684167 0.9068715637507562 0.22334449860234232 0.35654990962395433 0.6054167622076934 0.8037095283258855 0.9481557349740616 1.027630796513142 1.1754214303803854 1.863832354130448
103 1030 -0.06728780525906242 -0.01878505788612427 0.3627904194525914 0.9042638558101486 0.22334449860234232 0.35654990962395433 0.6054167622076934 0.8037095283258855 0.9481557349740616 1.027630796513142 1.1754214303803854 1.863832354130448
104 1040 -0.07338951639329727 0.0006913478875567134 0.41255818567386204 0.8926320095639666 0.22334449860234232 0.35654990962395433 0.6054167622076934 0.8037095283258855 0.9481557349740616 1.027630796513142 1.1754214303803854 1.863832354130448
105 1050 -0.0636849491147014 -0.0079670227818287 0.39348813317165443 0.8913748840472653 0.2574267200542077 0.34074449332522067 0.606266370453712 0.8483623200374797 0.9017083528245612 1.0424306554953813 1.134353043997878 1.8825118014426399
106 1060 -0.10285165959321414 0.01202268181774965 0.43012122508271533 0.9002081075363618 0.2574267200542077 0.34074449332522067 0.606266370453712 0.8483623200374797 0.9017083528245612 1.0424306554953813 1.134353043997878 1.8825118014426399
107 1070 -0.07988605920855074 0.031167234940031933 0.4782124474882131 0.9004481995450755 0.2574267200542077 0.34074449332522067 0.606266370453712 0.8483623200374797 0.9017083528245612 1.0424306554953813 1.134353043997878 1.8825118014426399
108 1080 -0.10357397230561997 0.03883778923063808 0.4347975199380213 0.9005267200772119 0.2574267200542077 0.34074449332522067 0.606266370453712 0.8483623200374797 0.9017083528245612 1.0424306554953813 1.134353043997878 1.8825118014426399
109 1090 -0.11791617168706431 0.020081013740531194 0.5012093033473967 0.8927615321998079 0.2574267200542077 0.34074449332522067 0.606266370453712 0.8483623200374797 0.9017083528245612 1.0424306554953813 1.134353043997878 1.8825118014426399
110 1100 -0.17546192686825612 0.018482488332114043 0.4837702219256871 0.8772064242453611 0.2574267200542077 0.34074449332522067 0.606266370453712 0.8483623200374797 0.9017083528245612 1.0424306554953813 1.134353043997878 1.8825118014426399
111 1110 -0.18641483044674717 0.011272924895752535 0.5063216962832102 0.8854594683125598 0.2574267200542077 0.34074449332522067 0.606266370453712 0.8483623200374797 0.9017083528245612 1.0424306554953813 1.134353043997878 1.8825118014426399
112 1120 -0.12348291051442134 0.06602069559312485 0.5598080785842308 0.8886788613951639 0.2574267200542077 0.34074449332522067 0.606266370453712 0.8483623200374797 0.9017083528245612 1.0424306554953813 1.134353043997878 1.8825118014426399
113 1130 -0.14771674747813504 0.06069236967552154 0.5949961419474328 0.8955352886160648 0.2564393637101953 0.3032624000936058 0.4958462573189574 0.6667830894554673 0.9259442366958697 0.991164755956131 1.1718246965207542 1.9846546671530916
114 1140 -0.15416003421934288 0.07753138718270548 0.577952148155479 0.8690149970805484 0.2564393637101953 0.3032624000936058 0.4958462573189574 0.6667830894554673 0.9259442366958697 0.991164755956131 1.1718246965207542 1.9846546671530916
115 1150 -0.14044879593922763 0.11385080275064187 0.6358294848890361 0.8891109124983102 0.2564393637101953 0.3032624000936058 0.4958462573189574 0.6667830894554673 0.9259442366958697 0.991164755956131 1.1718246965207542 1.9846546671530916
116 1160 -0.14789402200056787 0.11134509428130111 0.6662400755285613 0.8970289018576701 0.2564393637101953 0.3032624000936058 0.4958462573189574 0.6667830894554673 0.9259442366958697 0.991164755956131 1.1718246965207542 1.9846546671530916
117 1170 -0.2372260890675169 0.07390764452562237 0.6793418054688987 0.9018735905231692 0.2564393637101953 0.3032624000936058 0.4958462573189574 0.6667830894554673 0.9259442366958697 0.991164755956131 1.1718246965207542 1.9846546671530916
118 1180 -0.20506584249617196 0.09142948654437749 0.7010738399150169 0.9085762220616314 0.2564393637101953 0.3032624000936058 0.4958462573189574 0.6667830894554673 0.9259442366958697 0.991164755956131 1.1718246965207542 1.9846546671530916
119 1190 -0.18973887859782618 0.0947463908394858 0.7060626062870348 0.9155141973296668 0.2564393637101953 0.3032624000936058 0.4958462573189574 0.6667830894554673 0.9259442366958697 0.991164755956131 1.1718246965207542 1.9846546671530916
120 1200 -0.18802872023905914 0.07047466772814168 0.7163368488524262 0.924416400803053 0.2564393637101953 0.3032624000936058 0.4958462573189574 0.6667830894554673 0.9259442366958697 0.991164755956131 1.1718246965207542 1.9846546671530916
121 1210 -0.25308071268210725 0.045165287036302036 0.7118825762519178 0.9163783036365907 0.21218544679290482 0.2683027625966214 0.381563060528587 0.5727982597149379 0.8901087574214267 0.9938277554210792 1.0440116637893126 2.1305762569427475
122 1220 -0.2839129852060137 0.048921127734026265 0.7308582145871069 0.929896688927736 0.21218544679290482 0.2683027625966214 0.381563060528587 0.5727982597149379 0.8901087574214267 0.9938277554210792 1.0440116637893126 2.1305762569427475
123 1230 -0.3454484411686922 0.03737789109815641 0.7614930667167785 0.9369125039588198 0.21218544679290482 0.2683027625966214 0.381563060528587 0.5727982597149379 0.8901087574214267 0.9938277554210792 1.0440116637893126 2.1305762569427475
124 1240 -0.3424510189981429 0.038950702168448856 0.7756694730874933 0.933292684969289 0.21218544679290482 0.2683027625966214 0.381563060528587 0.5727982597149379 0.8901087574214267 0.9938277554210792 1.0440116637893126 2.1305762569427475
125 1250 -0.3149413029865463 0.05894191444927762 0.7867134518262855 0.9331036158116289 0.21218544679290482 0.2683027625966214 0.381563060528587 0.5727982597149379 0.8901087574214267 0.9938277554210792 1.0440116637893126 2.1305762569427475
126 1260 -0.2923436629102971 0.05020494033653641 0.7964135029644437 0.9375725023488874 0.21218544679290482 0.2683027625966214 0.381563060528587 0.5727982597149379 0.8901087574214267 0.9938277554210792 1.0440116637893126 2.1305762569427475
127 1270 -0.22601249341090382 0.022935687645057587 0.7884353111753648 0.9346650543568458 0.21218544679290482 0.2683027625966214 0.381563060528587 0.5727982597149379 0.8901087574214267 0.9938277554210792 1.0440116637893126 2.1305762569427475
128 1280 -0.26141906878387816 0.02019839910731011 0.8074177061864434 0.9346467845327973 0.21218544679290482 0.2683027625966214 0.381563060528587 0.5727982597149379 0.8901087574214267 0.9938277554210792 1.0440116637893126 2.1305762569427475
129 1290 -0.2181995620457342 0.032798532774922305 0.8107261295992791 0.9382837086061769 0.17107660331984942 0.22112393342927839 0.3056895898176178 0.5115633585074203 0.8448133450237536 0.9493557596816481 0.9863321750084896 2.231335183459252
130 1300 -0.18108629260583242 0.040988353846666825 0.7984709849070131 0.9351659833946531 0.17107660331984942 0.22112393342927839 0.3056895898176178 0.5115633585074203 0.8448133450237536 0.9493557596816481 0.9863321750084896 2.231335183459252
131 1310 -0.19242040955369324 0.03955937110079069 0.7869637425999019 0.9328825282457927 0.17107660331984942 0.22112393342927839 0.3056895898176178 0.5115633585074203 0.8448133450237536 0.9493557596816481 0.9863321750084896 2.231335183459252
132 1320 -0.1584084328911278 0.054564789680420396 0.7749996193024933 0.9286469629828994 0.17107660331984942 0.22112393342927839 0.3056895898176178 0.5115633585074203 0.8448133450237536 0.9493557596816481 0.9863321750084896 2.231335183459252
133 1330 -0.07762769408450955 0.06114400670660621 0.7638805145884378 0.9252755450332568 0.17107660331984942 0.22112393342927839 0.3056895898176178 0.5115633585074203 0.8448133450237536 0.9493557596816481 0.9863321750084896 2.231335183459252
134 1340 -0.14142786080210468 0.07375314836922307 0.7630667202714134 0.9255748492220308 0.17107660331984942 0.22112393342927839 0.3056895898176178 0.5115633585074203 0.8448133450237536 0.9493557596816481 0.9863321750084896 2.231335183459252
135 1350 -0.14745353992754184 0.09609209857598619 0.7437282984656763 0.9139314308872867 0.17107660331984942 0.22112393342927839 0.3056895898176178 0.5115633585074203 0.8448133450237536 0.9493557596816481 0.9863321750084896 2.231335183459252
136 1360 -0.14078377172948464 0.0984172289558373 0.7390751121224814 0.9117092771509844 0.17107660331984942 0.22112393342927839 0.3056895898176178 0.5115633585074203 0.8448133450237536 0.9493557596816481 0.9863321750084896 2.231335183459252
137 1370 -0.05666464727113136 0.10286690334358911 0.7222962341497856 0.9080751868035356 0.1874438248543084 0.2707548856599847 0.31852607955847034 0.5925019860358904 0.90477795193774 0.984564498069197 1.05068109112811 2.1323972400035633
138 1380 -0.00812860850711285 0.1262859202620501 0.7296810723951137 0.9113078343557225 0.1874438248543084 0.2707548856599847 0.31852607955847034 0.5925019860358904 0.90477795193774 0.984564498069197 1.05068109112811 2.1323972400035633
139 1390 0.0025487060044784796 0.15695402798169383 0.7281610076701424 0.91226705307923 0.1874438248543084 0.2707548856599847 0.31852607955847034 0.5925019860358904 0.90477795193774 0.984564498069197 1.05068109112811 2.1323972400035633
140 1400 -0.01216447538724559 0.1504317763494071 0.72694756565878 0.9166684116900006 0.1874438248543084 0.2707548856599847 0.31852607955847034 0.5925019860358904 0.90477795193774 0.984564498069197 1.05068109112811 2.1323972400035633
141 1410 -0.030289195054036756 0.1742447923593427 0.729673652967364 0.9178973932517976 0.1874438248543084 0.2707548856599847 0.31852607955847034 0.5925019860358904 0.90477795193774 0.984564498069197 1.05068109112811 2.1323972400035633
142 1420 0.040019493798257984 0.20906985400057226 0.7138455715669235 0.9174393242446898 0.1874438248543084 0.2707548856599847 0.31852607955847034 0.5925019860358904 0.90477795193774 0.984564498069197 1.05068109112811 2.1323972400035633
143 1430 0.07786241121600262 0.16667203439011233 0.7058657219896984 0.9240331478283023 0.1874438248543084 0.2707548856599847 0.31852607955847034 0.5925019860358904 0.90477795193774 0.984564498069197 1.05068109112811 2.1323972400035633
144 1440 0.08603480613231906 0.1572477212625103 0.7039956249783681 0.9123887148485885 0.1874438248543084 0.2707548856599847 0.31852607955847034 0.5925019860358904 0.90477795193774 0.984564498069197 1.05068109112811 2.1323972400035633
145 1450 0.06458777651393159 0.17500310254708795 0.6821011171764633 0.9101960602192435 0.19913624423159498 0.29818959886504426 0.30877995474747527 0.6180909454988148 0.7933185811646397 1.012761472862047 1.130098950094017 2.1123168400744676
146 1460 0.12326842255850788 0.21551601031284146 0.6478172910219075 0.9054280542795253 0.19913624423159498 0.29818959886504426 0.30877995474747527 0.6180909454988148 0.7933185811646397 1.012761472862047 1.130098950094017 2.1123168400744676
147 1470 0.17244621771734903 0.26833773956128393 0.6598132841543307 0.9052518360095659 0.19913624423159498 0.29818959886504426 0.30877995474747527 0.6180909454988148 0.7933185811646397 1.012761472862047 1.130098950094017 2.1123168400744676
148 1480 0.14088902288644736 0.2905200189427973 0.6621266122946288 0.905295654568998 0.19913624423159498 0.29818959886504426 0.30877995474747527 0.6180909454988148 0.7933185811646397 1.012761472862047 1.130098950094017 2.1123168400744676
149 1490 0.13794661524590066 0.29092330293348956 0.6797480133252944 0.9054052007150792 0.19913624423159498 0.29818959886504426 0.30877995474747527 0.6180909454988148 0.7933185811646397 1.012761472862047 1.130098950094017 2.1123168400744676
150 1500 0.10643654514434821 0.3004768512685363 0.7170450836124422 0.9035029894384645 0.19913624423159498 0.29818959886504426 0.30877995474747527 0.6180909454988148 0.7933185811646397 1.012761472862047 1.130098950094017 2.1123168400744676
151 1510 0.05527658297121191 0.2786149225052804 0.7153757782870512 0.896904859739231 0.19913624423159498 0.29818959886504426 0.30877995474747527 0.6180909454988148 0.7933185811646397 1.012761472862047 1.130098950094017 2.1123168400744676
152 1520 0.05374909164220127 0.25931617251041167 0.7122399429385076 0.8929380173562883 0.19913624423159498 0.29818959886504426 0.30877995474747527 0.6180909454988148 0.7933185811646397 1.012761472862047 1.130098950094017 2.1123168400744676
153 1530 0.035088596434506396 0.23099149827285426 0.7022334985188867 0.8845064467426251 0.2183310495096763 0.2939723710393574 0.34084210783281904 0.48143873483266325 0.670731627041712 0.940412039834482 1.3421572667448138 2.0933975616592093
154 1540 0.03154803025270907 0.2438163169449555 0.6910710207128368 0.8712189254611926 0.2183310495096763 0.2939723710393574 0.34084210783281904 0.48143873483266325 0.670731627041712 0.940412039834482 1.3421572667448138 2.0933975616592093
155 1550 0.03520611779380215 0.2725452585691932 0.7134573913113594 0.8785254152964751 0.2183310495096763 0.2939723710393574 0.34084210783281904 0.48143873483266325 0.670731627041712 0.940412039834482 1.3421572667448138 2.0933975616592093
156 1560 0.02681645109122892 0.29253461372038414 0.7368301642455686 0.8783639898341147 0.2183310495096763 0.2939723710393574 0.34084210783281904 0.48143873483266325 0.670731627041712 0.940412039834482 1.3421572667448138 2.0933975616592093
157 1570 0.04014611500276954 0.27285842067563776 0.7199363576624063 0.8805962558234073 0.2183310495096763 0.2939723710393574 0.34084210783281904 0.48143873483266325 0.670731627041712 0.940412039834482 1.3421572667448138 2.0933975616592093
158 1580 0.08030143788474883 0.29379282393634676 0.7345276178911966 0.8823983176934033 0.2183310495096763 0.2939723710393574 0.34084210783281904 0.48143873483266325 0.670731627041712 0.940412039834482 1.3421572667448138 2.0933975616592093
159 1590 0.09727304401773047 0.3041555892436133 0.7129014896858403 0.8838030877360263 0.2183310495096763 0.2939723710393574 0.34084210783281904 0.48143873483266325 0.670731627041712 0.940412039834482 1.3421572667448138 2.0933975616592093
160 1600 0.04571367737557632 0.31225955862816684 0.7372876411670639 0.8890746858157279 0.2183310495096763 0.2939723710393574 0.34084210783281904 0.48143873483266325 0.670731627041712 0.940412039834482 1.3421572667448138 2.0933975616592093
161 1610 0.06601750644786379 0.310074408714369 0.7247352801719049 0.8918050548756674 0.21415795842348231 0.30302591898655934 0.35797279933492726 0.5005544838069698 0.6256180328741164 0.873476272354103 1.2735396973105952 2.1696428883331076
162 1620 0.013027936413755343 0.2910608263084792 0.730521751716003 0.8926347958125805 0.21415795842348231 0.30302591898655934 0.35797279933492726 0.5005544838069698 0.6256180328741164 0.873476272354103 1.2735396973105952 2.1696428883331076
163 1630 0.04737579419716345 0.3098575241854994 0.73918187201614 0.8961153457495592 0.21415795842348231 0.30302591898655934 0.35797279933492726 0.5005544838069698 0.6256180328741164 0.873476272354103 1.2735396973105952 2.1696428883331076
164 1640 0.06364165411684264 0.3008276261029793 0.727474192461699 0.8987859487363457 0.21415795842348231 0.30302591898655934 0.35797279933492726 0.5005544838069698 0.6256180328741164 0.873476272354103 1.2735396973105952 2.1696428883331076
165 1650 0.09312458087052139 0.3210690525229269 0.7320054883893503 0.9080389306154892 0.21415795842348231 0.30302591898655934 0.35797279933492726 0.5005544838069698 0.6256180328741164 0.873476272354103 1.2735396973105952 2.1696428883331076
166 1660 0.08373097035494181 0.3030696063202181 0.7356572250494162 0.9007467881811638 0.21415795842348231 0.30302591898655934 0.35797279933492726 0.5005544838069698 0.6256180328741164 0.873476272354103 1.2735396973105952 2.1696428883331076
167 1670 0.061945083304069386 0.33539867301288684 0.7370050410401587 0.9099075082118817 0.21415795842348231 0.30302591898655934 0.35797279933492726 0.5005544838069698 0.6256180328741164 0.873476272354103 1.2735396973105952 2.1696428883331076
168 1680 0.08024276706279766 0.347435028692822 0.7341965989096655 0.9140381758600395 0.21415795842348231 0.30302591898655934 0.35797279933492726 0.5005544838069698 0.6256180328741164 0.873476272354103 1.2735396973105952 2.1696428883331076
169 1690 0.05165830372665127 0.34422939284797605 0.7405646334072249 0.9131666018394063 0.2009957280886017 0.31024664909773064 0.3724761849977289 0.49041466144959583 0.5323324023406875 0.8560838305872678 1.2994383546830632 2.186162239236231
170 1700 0.07990101018165403 0.3067106647414685 0.7319997881678211 0.9113283316698918 0.2009957280886017 0.31024664909773064 0.3724761849977289 0.49041466144959583 0.5323324023406875 0.8560838305872678 1.2994383546830632 2.186162239236231
171 1710 0.12415155441292552 0.3114663133882892 0.7462915928879865 0.9126860241561271 0.2009957280886017 0.31024664909773064 0.3724761849977289 0.49041466144959583 0.5323324023406875 0.8560838305872678 1.2994383546830632 2.186162239236231
172 1720 0.19129848588148998 0.3429797025520913 0.7484811132706186 0.9144004839184415 0.2009957280886017 0.31024664909773064 0.3724761849977289 0.49041466144959583 0.5323324023406875 0.8560838305872678 1.2994383546830632 2.186162239236231
173 1730 0.22302678933822626 0.3403820394051163 0.7398992467961247 0.9138967708955246 0.2009957280886017 0.31024664909773064 0.3724761849977289 0.49041466144959583 0.5323324023406875 0.8560838305872678 1.2994383546830632 2.186162239236231
174 1740 0.2561219069784685 0.32194616789062314 0.7455954635918527 0.9203007245670951 0.2009957280886017 0.31024664909773064 0.3724761849977289 0.49041466144959583 0.5323324023406875 0.8560838305872678 1.2994383546830632 2.186162239236231
175 1750 0.2280111967208329 0.32202016968103714 0.7523288335879812 0.9217722684894071 0.2009957280886017 0.31024664909773064 0.3724761849977289 0.49041466144959583 0.5323324023406875 0.8560838305872678 1.2994383546830632 2.186162239236231
176 1760 0.27521302805038655 0.3595483221490188 0.7611926998351599 0.9256727968614532 0.2009957280886017 0.31024664909773064 0.3724761849977289 0.49041466144959583 0.5323324023406875 0.8560838305872678 1.2994383546830632 2.186162239236231
177 1770 0.2448133866408563 0.3358671569345689 0.7672358057437212 0.9262057804638681 0.17836749750466446 0.2812853927103926 0.34160354129888104 0.373971112398139 0.5564304355254995 0.8568631780752177 1.2126375252243482 2.2623432737413998
178 1780 0.26774504425562257 0.33822873046533675 0.7660151725740973 0.9266264044845891 0.17836749750466446 0.2812853927103926 0.34160354129888104 0.373971112398139 0.5564304355254995 0.8568631780752177 1.2126375252243482 2.2623432737413998
179 1790 0.33104868782573443 0.3925810732552858 0.7803483318379666 0.9281689799094788 0.17836749750466446 0.2812853927103926 0.34160354129888104 0.373971112398139 0.5564304355254995 0.8568631780752177 1.2126375252243482 2.2623432737413998
180 1800 0.32166052687633134 0.39601756694229895 0.7822919913636538 0.9241517333141904 0.17836749750466446 0.2812853927103926 0.34160354129888104 0.373971112398139 0.5564304355254995 0.8568631780752177 1.2126375252243482 2.2623432737413998
181 1810 0.27382495209102686 0.39006421433151917 0.7684844571978575 0.9183265590060351 0.17836749750466446 0.2812853927103926 0.34160354129888104 0.373971112398139 0.5564304355254995 0.8568631780752177 1.2126375252243482 2.2623432737413998
182 1820 0.27193125803203466 0.3663498194503371 0.7505963948658891 0.9130834672199954 0.17836749750466446 0.2812853927103926 0.34160354129888104 0.373971112398139 0.5564304355254995 0.8568631780752177 1.2126375252243482 2.2623432737413998
183 1830 0.3007946517715733 0.35752331370819174 0.7284890847713268 0.900426675923626 0.17836749750466446 0.2812853927103926 0.34160354129888104 0.373971112398139 0.5564304355254995 0.8568631780752177 1.2126375252243482 2.2623432737413998
184 1840 0.2209358765450292 0.30693919035334105 0.7417041639803825 0.9109330507323654 0.17836749750466446 0.2812853927103926 0.34160354129888104 0.373971112398139 0.5564304355254995 0.8568631780752177 1.2126375252243482 2.2623432737413998
185 1850 0.14621282786131476 0.3217795950268463 0.7489827056747878 0.9032542261443623 0.18177876413399074 0.26103465753581107 0.31571537655853943 0.3385600095444521 0.6563464372026894 0.9110030649709204 1.295801616276639 2.178233057011259
186 1860 0.13159298617459234 0.28844051632429635 0.7645050752941984 0.9006920358788931 0.18177876413399074 0.26103465753581107 0.31571537655853943 0.3385600095444521 0.6563464372026894 0.9110030649709204 1.295801616276639 2.178233057011259
187 1870 0.16393445545101468 0.30533844099543245 0.7612105944863881 0.9065046310718406 0.18177876413399074 0.26103465753581107 0.31571537655853943 0.3385600095444521 0.6563464372026894 0.9110030649709204 1.295801616276639 2.178233057011259
188 1880 0.18907104357475343 0.29068832678617473 0.751088068765281 0.9023721936673378 0.18177876413399074 0.26103465753581107 0.31571537655853943 0.3385600095444521 0.6563464372026894 0.9110030649709204 1.295801616276639 2.178233057011259
189 1890 0.18229110168750942 0.29199317236039013 0.7461070117036022 0.9040094477611235 0.18177876413399074 0.26103465753581107 0.31571537655853943 0.3385600095444521 0.6563464372026894 0.9110030649709204 1.295801616276639 2.178233057011259
190 1900 0.18251673473374483 0.2879915337247042 0.7430698977564293 0.9176540450980201 0.18177876413399074 0.26103465753581107 0.31571537655853943 0.3385600095444521 0.6563464372026894 0.9110030649709204 1.295801616276639 2.178233057011259
191 1910 0.2471851121409468 0.34243684367930494 0.7597380894559801 0.9329646415004691 0.18177876413399074 0.26103465753581107 0.31571537655853943 0.3385600095444521 0.6563464372026894 0.9110030649709204 1.295801616276639 2.178233057011259
192 1920 0.24433434875007834 0.3357210889840615 0.7498169687800765 0.934285397748737 0.18177876413399074 0.26103465753581107 0.31571537655853943 0.3385600095444521 0.6563464372026894 0.9110030649709204 1.295801616276639 2.178233057011259
193 1930 0.28816136885711047 0.3695491359475399 0.7642583558220479 0.9432179156172819 0.17145621710094044 0.20433956291326832 0.2974474805225861 0.398890332387166 0.5281301104526769 0.8775349223520983 1.2166303396613554 2.2698196560092407
194 1940 0.2684733521073709 0.38390381768315135 0.7678554543690168 0.9461769075211348 0.17145621710094044 0.20433956291326832 0.2974474805225861 0.398890332387166 0.5281301104526769 0.8775349223520983 1.2166303396613554 2.2698196560092407
195 1950 0.28643439501166346 0.38438648151974464 0.7893526450742228 0.9451486285800151 0.17145621710094044 0.20433956291326832 0.2974474805225861 0.398890332387166 0.5281301104526769 0.8775349223520983 1.2166303396613554 2.2698196560092407
196 1960 0.22586592179157944 0.33434173238371 0.7951549333135288 0.9438570887706139 0.17145621710094044 0.20433956291326832 0.2974474805225861 0.398890332387166 0.5281301104526769 0.8775349223520983 1.2166303396613554 2.2698196560092407
197 1970 0.20181719271317666 0.31162526398899515 0.7779607716222673 0.9440869124837113 0.17145621710094044 0.20433956291326832 0.2974474805225861 0.398890332387166 0.5281301104526769 0.8775349223520983 1.2166303396613554 2.2698196560092407
198 1980 0.19124958328305847 0.3198995319636212 0.7948281554540614 0.9421977990023437 0.17145621710094044 0.20433956291326832 0.2974474805225861 0.398890332387166 0.5281301104526769 0.8775349223520983 1.2166303396613554 2.2698196560092407
199 1990 0.1675998138420499 0.2948762800119691 0.7959124639307575 0.9425300912392677 0.17145621710094044 0.20433956291326832 0.2974474805225861 0.398890332387166 0.5281301104526769 0.8775349223520983 1.2166303396613554 2.2698196560092407
200 2000 0.18016158232451152 0.2768330752986551 0.7750458812941458 0.9385756615649756 0.17145621710094044 0.20433956291326832 0.2974474805225861 0.398890332387166 0.5281301104526769 0.8775349223520983 1.2166303396613554 2.2698196560092407
201 2010 0.12818391512068733 0.24330572831409164 0.7585832420721936 0.9416053231925667 0.17950466271122473 0.21022851965559491 0.3321624034564677 0.38803890262982443 0.5450105132255617 0.8654930014167493 1.3443534391640384 2.193005980143298
202 2020 0.12860688917763186 0.2493828865818748 0.7607246409651598 0.9434369127388621 0.17950466271122473 0.21022851965559491 0.3321624034564677 0.38803890262982443 0.5450105132255617 0.8654930014167493 1.3443534391640384 2.193005980143298
203 2030 0.1282217596473193 0.23187495000372613 0.7384450803766369 0.942671657254762 0.17950466271122473 0.21022851965559491 0.3321624034564677 0.38803890262982443 0.5450105132255617 0.8654930014167493 1.3443534391640384 2.193005980143298
204 2040 0.1157867640311496 0.21494066859322336 0.7404813367669822 0.943756835016852 0.17950466271122473 0.21022851965559491 0.3321624034564677 0.38803890262982443 0.5450105132255617 0.8654930014167493 1.3443534391640384 2.193005980143298
205 2050 0.02882896372285486 0.17428699121786054 0.7083184869651429 0.9456207845794053 0.17950466271122473 0.21022851965559491 0.3321624034564677 0.38803890262982443 0.5450105132255617 0.8654930014167493 1.3443534391640384 2.193005980143298
206 2060 -0.03011767648881234 0.17056409462325348 0.7219250074506529 0.9492730153376588 0.17950466271122473 0.21022851965559491 0.3321624034564677 0.38803890262982443 0.5450105132255617 0.8654930014167493 1.3443534391640384 2.193005980143298
207 2070 -0.044365968197430966 0.19426087013382165 0.7334744519272506 0.9542388053726558 0.17950466271122473 0.21022851965559491 0.3321624034564677 0.38803890262982443 0.5450105132255617 0.8654930014167493 1.3443534391640384 2.193005980143298
208 2080 0.009533448021693605 0.247668847526696 0.7474216188016034 0.9502873931790149 0.17950466271122473 0.21022851965559491 0.3321624034564677 0.38803890262982443 0.5450105132255617 0.8654930014167493 1.3443534391640384 2.193005980143298
209 2090 0.04971084867704315 0.2898835665325 0.7512562286883888 0.9496614993349926 0.15068829316016613 0.1939852082970105 0.31811102295463795 0.4027357986303522 0.5706708181859202 0.8673747463549114 1.3172676764699753 2.20523780260246
210 2100 0.050724570019615126 0.2929171193406169 0.7626359891235422 0.948235860247507 0.15068829316016613 0.1939852082970105 0.31811102295463795 0.4027357986303522 0.5706708181859202 0.8673747463549114 1.3172676764699753 2.20523780260246
211 2110 0.01648006048034957 0.2555706631730752 0.7771266398348311 0.9543478195530394 0.15068829316016613 0.1939852082970105 0.31811102295463795 0.4027357986303522 0.5706708181859202 0.8673747463549114 1.3172676764699753 2.20523780260246
212 2120 -0.02580695147011778 0.21862022053172547 0.7581526939175445 0.954180504725544 0.15068829316016613 0.1939852082970105 0.31811102295463795 0.4027357986303522 0.5706708181859202 0.8673747463549114 1.3172676764699753 2.20523780260246
213 2130 -0.05358887828142232 0.20262026474753303 0.7801290411556963 0.9566537018664266 0.15068829316016613 0.1939852082970105 0.31811102295463795 0.4027357986303522 0.5706708181859202 0.8673747463549114 1.3172676764699753 2.20523780260246
214 2140 -0.062109150581535925 0.18422661746452687 0.7651253665709439 0.9503165803981474 0.15068829316016613 0.1939852082970105 0.31811102295463795 0.4027357986303522 0.5706708181859202 0.8673747463549114 1.3172676764699753 2.20523780260246
215 2150 -0.034733898261504484 0.2250857542787874 0.7557277572465906 0.9484115353654092 0.15068829316016613 0.1939852082970105 0.31811102295463795 0.4027357986303522 0.5706708181859202 0.8673747463549114 1.3172676764699753 2.20523780260246
216 2160 0.01699771437994068 0.24157054032289133 0.7480971427026135 0.940439987059983 0.15068829316016613 0.1939852082970105 0.31811102295463795 0.4027357986303522 0.5706708181859202 0.8673747463549114 1.3172676764699753 2.20523780260246
217 2170 -0.002346005573923602 0.20896532344490443 0.7234054722943328 0.9425578373399639 0.13993196756135579 0.24132763944582486 0.3447734824291986 0.45250611816372366 0.5288684292317322 0.8405848244949501 1.3884515056553282 2.1643630073456164
218 2180 0.027164208806318937 0.260073693355237 0.7440421735391423 0.9463911946607905 0.13993196756135579 0.24132763944582486 0.3447734824291986 0.45250611816372366 0.5288684292317322 0.8405848244949501 1.3884515056553282 2.1643630073456164
219 2190 0.03085798430706846 0.26239234681366175 0.7508622226597008 0.9488889069381738 0.13993196756135579 0.24132763944582486 0.3447734824291986 0.45250611816372366 0.5288684292317322 0.8405848244949501 1.3884515056553282 2.1643630073456164
220 2200 0.025524967570737214 0.2717126946089067 0.7658179231608572 0.9506171727810366 0.13993196756135579 0.24132763944582486 0.3447734824291986 0.45250611816372366 0.5288684292317322 0.8405848244949501 1.3884515056553282 2.1643630073456164
221 2210 -0.07628742488946992 0.27331796418442994 0.7842864517843837 0.9533571985728746 0.13993196756135579 0.24132763944582486 0.3447734824291986 0.45250611816372366 0.5288684292317322 0.8405848244949501 1.3884515056553282 2.1643630073456164
222 2220 0.01399544931874452 0.32387693217750746 0.7892131339613921 0.9576641578080576 0.13993196756135579 0.24132763944582486 0.3447734824291986 0.45250611816372366 0.5288684292317322 0.8405848244949501 1.3884515056553282 2.1643630073456164
223 2230 -0.05207757040837149 0.29256612778473357 0.7890912926924584 0.958889856493784 0.13993196756135579 0.24132763944582486 0.3447734824291986 0.45250611816372366 0.5288684292317322 0.8405848244949501 1.3884515056553282 2.1643630073456164
224 2240 0.006222907922484866 0.3202247341111994 0.7766134363273254 0.9556284664103613 0.13993196756135579 0.24132763944582486 0.3447734824291986 0.45250611816372366 0.5288684292317322 0.8405848244949501 1.3884515056553282 2.1643630073456164
225 2250 -0.04932292766306652 0.30815105240462287 0.7911545683115699 0.9522860440890076 0.14433331572292624 0.2352213801570344 0.331600850310944 0.3581213124761301 0.5012396719207772 0.7409502424663826 1.3439918313834394 2.2536783897817427
226 2260 -0.07900935235764814 0.27346707477106724 0.796403090398051 0.9521902600537095 0.14433331572292624 0.2352213801570344 0.331600850310944 0.3581213124761301 0.5012396719207772 0.7409502424663826 1.3439918313834394 2.2536783897817427
227 2270 -0.05128419721021958 0.25832495527064464 0.784387398039877 0.9507946481377385 0.14433331572292624 0.2352213801570344 0.331600850310944 0.3581213124761301 0.5012396719207772 0.7409502424663826 1.3439918313834394 2.2536783897817427
228 2280 0.03409912192782595 0.31207453454408063 0.7853725659256402 0.9462770980464403 0.14433331572292624 0.2352213801570344 0.331600850310944 0.3581213124761301 0.5012396719207772 0.7409502424663826 1.3439918313834394 2.2536783897817427
229 2290 -0.030549750497208813 0.2701095624328853 0.7700501774328188 0.940060032879099 0.14433331572292624 0.2352213801570344 0.331600850310944 0.3581213124761301 0.5012396719207772 0.7409502424663826 1.3439918313834394 2.2536783897817427
230 2300 -0.06373746708076858 0.2329738737805262 0.7758787655434847 0.9425037865032816 0.14433331572292624 0.2352213801570344 0.331600850310944 0.3581213124761301 0.5012396719207772 0.7409502424663826 1.3439918313834394 2.2536783897817427
231 2310 -0.1333169867302459 0.18163863517993356 0.778878291269153 0.9439414951787252 0.14433331572292624 0.2352213801570344 0.331600850310944 0.3581213124761301 0.5012396719207772 0.7409502424663826 1.3439918313834394 2.2536783897817427
232 2320 -0.13477776034132874 0.1948329210572688 0.7799221624379507 0.9525823475523496 0.14433331572292624 0.2352213801570344 0.331600850310944 0.3581213124761301 0.5012396719207772 0.7409502424663826 1.3439918313834394 2.2536783897817427
233 2330 -0.1792080575262704 0.17955947272837303 0.7828124569869027 0.9569792428162357 0.14326508466744284 0.2378526730699736 0.31307190978700944 0.4015131420975342 0.46755960405036295 0.7657545259488702 1.4262166300568673 2.1964946037384885
234 2340 -0.11944169356611772 0.2040228523475236 0.8002070618116461 0.9617103794224239 0.14326508466744284 0.2378526730699736 0.31307190978700944 0.4015131420975342 0.46755960405036295 0.7657545259488702 1.4262166300568673 2.1964946037384885
235 2350 -0.12757316494719717 0.2120254741191267 0.8083122064936585 0.959463591199566 0.14326508466744284 0.2378526730699736 0.31307190978700944 0.4015131420975342 0.46755960405036295 0.7657545259488702 1.4262166300568673 2.1964946037384885
236 2360 -0.11592193748139086 0.23145332601418572 0.8231633620098098 0.9628327842155368 0.14326508466744284 0.2378526730699736 0.31307190978700944 0.4015131420975342 0.46755960405036295 0.7657545259488702 1.4262166300568673 2.1964946037384885
237 2370 -0.02286166033009223 0.30650923479167275 0.8204359141739251 0.9598284130514879 0.14326508466744284 0.2378526730699736 0.31307190978700944 0.4015131420975342 0.46755960405036295 0.7657545259488702 1.4262166300568673 2.1964946037384885
238 2380 -0.03521200351643011 0.2934093601972414 0.8114316404647941 0.961789524527597 0.14326508466744284 0.2378526730699736 0.31307190978700944 0.4015131420975342 0.46755960405036295 0.7657545259488702 1.4262166300568673 2.1964946037384885
239 2390 0.022485057072045195 0.343846084521525 0.8283087107932965 0.9656244084062416 0.14326508466744284 0.2378526730699736 0.31307190978700944 0.4015131420975342 0.46755960405036295 0.7657545259488702 1.4262166300568673 2.1964946037384885
240 2400 0.04584056815969537 0.33977731499682085 0.8299156516101622 0.9670763938519258 0.14326508466744284 0.2378526730699736 0.31307190978700944 0.4015131420975342 0.46755960405036295 0.7657545259488702 1.4262166300568673 2.1964946037384885
241 2410 0.12483694179722499 0.3559911624707787 0.8264753557985485 0.9678800649567626 0.1311358478495826 0.2052241728417283 0.30679488652437176 0.3893136859818557 0.4654746055647887 0.843280193517285 1.2424869452885043 2.2854838169156464
242 2420 0.1790951680130921 0.4004374158366151 0.8198539219063206 0.9658353562827419 0.1311358478495826 0.2052241728417283 0.30679488652437176 0.3893136859818557 0.4654746055647887 0.843280193517285 1.2424869452885043 2.2854838169156464
243 2430 0.1762748191332858 0.36417378925185767 0.8019179589424554 0.9636888628329162 0.1311358478495826 0.2052241728417283 0.30679488652437176 0.3893136859818557 0.4654746055647887 0.843280193517285 1.2424869452885043 2.2854838169156464
244 2440 0.17765929859675056 0.3535576762228693 0.811402075612182 0.967641693927081 0.1311358478495826 0.2052241728417283 0.30679488652437176 0.3893136859818557 0.4654746055647887 0.843280193517285 1.2424869452885043 2.2854838169156464
245 2450 0.07866258063107961 0.3117831454530509 0.7884364077461736 0.9652989681185855 0.1311358478495826 0.2052241728417283 0.30679488652437176 0.3893136859818557 0.4654746055647887 0.843280193517285 1.2424869452885043 2.2854838169156464
246 2460 0.08109784015050543 0.32363153426348323 0.7845770619933399 0.9625871073117167 0.1311358478495826 0.2052241728417283 0.30679488652437176 0.3893136859818557 0.4654746055647887 0.843280193517285 1.2424869452885043 2.2854838169156464
247 2470 0.10105955705869982 0.2980097066621036 0.753627434965372 0.9564627557421672 0.1311358478495826 0.2052241728417283 0.30679488652437176 0.3893136859818557 0.4654746055647887 0.843280193517285 1.2424869452885043 2.2854838169156464
248 2480 0.14041582140883976 0.328128440924102 0.7675583713220959 0.963131947727743 0.1311358478495826 0.2052241728417283 0.30679488652437176 0.3893136859818557 0.4654746055647887 0.843280193517285 1.2424869452885043 2.2854838169156464
249 2490 0.11905257058811207 0.3271211381704312 0.787737904244607 0.9687241867502498 0.1375031501559956 0.199314189805363 0.3167029179971789 0.43825572750797803 0.5730980323961131 0.8149645358399462 1.2980621934062284 2.2296690133547243
250 2500 0.07520196162992879 0.22998510842846726 0.8037191454614248 0.9755386601556242 0.1375031501559956 0.199314189805363 0.3167029179971789 0.43825572750797803 0.5730980323961131 0.8149645358399462 1.2980621934062284 2.2296690133547243
251 2510 0.030414653036407807 0.18952959167793865 0.8144332788949958 0.9779912690073114 0.1375031501559956 0.199314189805363 0.3167029179971789 0.43825572750797803 0.5730980323961131 0.8149645358399462 1.2980621934062284 2.2296690133547243
252 2520 0.01259266684051673 0.17340226378552792 0.827726561206503 0.981773549987584 0.1375031501559956 0.199314189805363 0.3167029179971789 0.43825572750797803 0.5730980323961131 0.8149645358399462 1.2980621934062284 2.2296690133547243
253 2530 0.07226724673420729 0.2156718117562912 0.8395423423368631 0.984621734882779 0.1375031501559956 0.199314189805363 0.3167029179971789 0.43825572750797803 0.5730980323961131 0.8149645358399462 1.2980621934062284 2.2296690133547243
254 2540 0.09789161986333514 0.23264907910830845 0.8551220623585446 0.9853209441459955 0.1375031501559956 0.199314189805363 0.3167029179971789 0.43825572750797803 0.5730980323961131 0.8149645358399462 1.2980621934062284 2.2296690133547243
255 2550 0.05403257096647118 0.21086784064003808 0.827292708006887 0.9830676917909904 0.1375031501559956 0.199314189805363 0.3167029179971789 0.43825572750797803 0.5730980323961131 0.8149645358399462 1.2980621934062284 2.2296690133547243
256 2560 0.039261929057716874 0.20179524934670923 0.8281521165588291 0.980974264399393 0.1375031501559956 0.199314189805363 0.3167029179971789 0.43825572750797803 0.5730980323961131 0.8149645358399462 1.2980621934062284 2.2296690133547243
257 2570 0.03298534133074569 0.20161402630340236 0.8377621616424384 0.9805007883653347 0.11880535632586155 0.1641367889746487 0.31336739701795563 0.417610947283559 0.4916212960996971 0.7281795728393404 1.3835799063155003 2.236093921723606
258 2580 0.0006051332056525933 0.18904110906140115 0.8389646054634883 0.9821231934700034 0.11880535632586155 0.1641367889746487 0.31336739701795563 0.417610947283559 0.4916212960996971 0.7281795728393404 1.3835799063155003 2.236093921723606
259 2590 0.010378079785697925 0.18559561923377604 0.83945059471244 0.9837972554671961 0.11880535632586155 0.1641367889746487 0.31336739701795563 0.417610947283559 0.4916212960996971 0.7281795728393404 1.3835799063155003 2.236093921723606
260 2600 -0.04792423894668415 0.1245613296941795 0.8307290194919025 0.9837817682868418 0.11880535632586155 0.1641367889746487 0.31336739701795563 0.417610947283559 0.4916212960996971 0.7281795728393404 1.3835799063155003 2.236093921723606
261 2610 0.019725945444609472 0.13704421358344793 0.8318179238357195 0.9841597061148638 0.11880535632586155 0.1641367889746487 0.31336739701795563 0.417610947283559 0.4916212960996971 0.7281795728393404 1.3835799063155003 2.236093921723606
262 2620 0.01901309678906081 0.14110060865715596 0.8299274179797864 0.9856521242346944 0.11880535632586155 0.1641367889746487 0.31336739701795563 0.417610947283559 0.4916212960996971 0.7281795728393404 1.3835799063155003 2.236093921723606
263 2630 0.0018131787622688961 0.12279885468475744 0.8291980312547724 0.9877032782004526 0.11880535632586155 0.1641367889746487 0.31336739701795563 0.417610947283559 0.4916212960996971 0.7281795728393404 1.3835799063155003 2.236093921723606
264 2640 0.05103765823893811 0.16515553399020722 0.8210416386455587 0.9886096524124279 0.11880535632586155 0.1641367889746487 0.31336739701795563 0.417610947283559 0.4916212960996971 0.7281795728393404 1.3835799063155003 2.236093921723606
265 2650 0.07295326359876808 0.1809909023176518 0.8177670779852322 0.9869826771047434 0.08673154270029512 0.1616007882734531 0.3189441519944909 0.4015627577792446 0.4693480448342579 0.746803430041435 1.356241342186145 2.255214241626989
266 2660 0.10689925264957124 0.209710081403018 0.8225190842825387 0.985943562622772 0.08673154270029512 0.1616007882734531 0.3189441519944909 0.4015627577792446 0.4693480448342579 0.746803430041435 1.356241342186145 2.255214241626989
267 2670 0.09327584998608651 0.2087585577068145 0.8260307697358178 0.9853005063869906 0.08673154270029512 0.1616007882734531 0.3189441519944909 0.4015627577792446 0.4693480448342579 0.746803430041435 1.356241342186145 2.255214241626989
268 2680 0.10661652407510012 0.2080406738488829 0.8291673304503642 0.9856473394784839 0.08673154270029512 0.1616007882734531 0.3189441519944909 0.4015627577792446 0.4693480448342579 0.746803430041435 1.356241342186145 2.255214241626989
269 2690 0.017130723378061322 0.12730575055830978 0.8311916574721783 0.9867689463286314 0.08673154270029512 0.1616007882734531 0.3189441519944909 0.4015627577792446 0.4693480448342579 0.746803430041435 1.356241342186145 2.255214241626989
270 2700 0.028327665940036693 0.1294274212001379 0.8365594415400512 0.9877248040018461 0.08673154270029512 0.1616007882734531 0.3189441519944909 0.4015627577792446 0.4693480448342579 0.746803430041435 1.356241342186145 2.255214241626989
271 2710 0.053797559700349315 0.14352255021897709 0.8298295769571522 0.987290281473009 0.08673154270029512 0.1616007882734531 0.3189441519944909 0.4015627577792446 0.4693480448342579 0.746803430041435 1.356241342186145 2.255214241626989
272 2720 0.04986893771090582 0.11513841630371013 0.8231150307197687 0.9884149797920098 0.08673154270029512 0.1616007882734531 0.3189441519944909 0.4015627577792446 0.4693480448342579 0.746803430041435 1.356241342186145 2.255214241626989
273 2730 0.03511709751105572 0.13365755908434912 0.8137493782154859 0.987299990420785 0.0937561857275439 0.19189984546895988 0.36014347278890874 0.4102787814399669 0.504797982712407 0.7657961721076314 1.3868847861588387 2.2117047806636476
274 2740 0.024657829826772396 0.11547077844882661 0.8093033621336745 0.9879820300204847 0.0937561857275439 0.19189984546895988 0.36014347278890874 0.4102787814399669 0.504797982712407 0.7657961721076314 1.3868847861588387 2.2117047806636476
275 2750 0.026929824510734342 0.11475628936583197 0.8120314037677885 0.9897221328471845 0.0937561857275439 0.19189984546895988 0.36014347278890874 0.4102787814399669 0.504797982712407 0.7657961721076314 1.3868847861588387 2.2117047806636476
276 2760 0.039807325474131315 0.12035063890527609 0.7937779533714008 0.9904133994783625 0.0937561857275439 0.19189984546895988 0.36014347278890874 0.4102787814399669 0.504797982712407 0.7657961721076314 1.3868847861588387 2.2117047806636476
277 2770 0.05849704570458889 0.14674257986891193 0.797305187713689 0.9912653443599337 0.0937561857275439 0.19189984546895988 0.36014347278890874 0.4102787814399669 0.504797982712407 0.7657961721076314 1.3868847861588387 2.2117047806636476
278 2780 0.13247421801388348 0.2013438659717438 0.8134000628746443 0.992055681572213 0.0937561857275439 0.19189984546895988 0.36014347278890874 0.4102787814399669 0.504797982712407 0.7657961721076314 1.3868847861588387 2.2117047806636476
279 2790 0.15019845470436846 0.22746881092136706 0.8292528451267362 0.9921384529459406 0.0937561857275439 0.19189984546895988 0.36014347278890874 0.4102787814399669 0.504797982712407 0.7657961721076314 1.3868847861588387 2.2117047806636476
280 2800 0.16226853348292902 0.25607641061634795 0.8283737572360391 0.9929440958775313 0.0937561857275439 0.19189984546895988 0.36014347278890874 0.4102787814399669 0.504797982712407 0.7657961721076314 1.3868847861588387 2.2117047806636476
281 2810 0.22994601851179491 0.3046485231084497 0.8281839166192576 0.9929830331562854 0.07298719845344544 0.14001899597759507 0.30313673557289034 0.4422773553014774 0.48373329933908665 0.6828897731296841 1.2642244285970876 2.321414796447387
282 2820 0.2313445799118348 0.3442202788380323 0.8280385876498297 0.9930759273340486 0.07298719845344544 0.14001899597759507 0.30313673557289034 0.4422773553014774 0.48373329933908665 0.6828897731296841 1.2642244285970876 2.321414796447387
283 2830 0.2343462080772175 0.3362157115392487 0.8305682639882082 0.9942937576814863 0.07298719845344544 0.14001899597759507 0.30313673557289034 0.4422773553014774 0.48373329933908665 0.6828897731296841 1.2642244285970876 2.321414796447387
284 2840 0.28172056031068854 0.373482205786535 0.8297672448158925 0.993914814101363 0.07298719845344544 0.14001899597759507 0.30313673557289034 0.4422773553014774 0.48373329933908665 0.6828897731296841 1.2642244285970876 2.321414796447387
285 2850 0.32079565838511237 0.39806578897806044 0.8323866617225228 0.9944644905711308 0.07298719845344544 0.14001899597759507 0.30313673557289034 0.4422773553014774 0.48373329933908665 0.6828897731296841 1.2642244285970876 2.321414796447387
286 2860 0.3464387329862038 0.4183761111295897 0.837907374696387 0.9948067702433661 0.07298719845344544 0.14001899597759507 0.30313673557289034 0.4422773553014774 0.48373329933908665 0.6828897731296841 1.2642244285970876 2.321414796447387
287 2870 0.31346690193976695 0.4012355659229882 0.8387383338902423 0.9944862150782574 0.07298719845344544 0.14001899597759507 0.30313673557289034 0.4422773553014774 0.48373329933908665 0.6828897731296841 1.2642244285970876 2.321414796447387
288 2880 0.3281948402606779 0.4077773343756097 0.8529933277379286 0.9943906086329438 0.07298719845344544 0.14001899597759507 0.30313673557289034 0.4422773553014774 0.48373329933908665 0.6828897731296841 1.2642244285970876 2.321414796447387
289 2890 0.3122863246944659 0.3976847626508683 0.8657147327259368 0.9935599532780849 0.06738401458113309 0.143926049501337 0.2789207990809633 0.43837329648050455 0.546518319546656 0.6631289552870532 1.14823708825464 2.376532354470064
290 2900 0.3256109905471846 0.4128833682351294 0.8721150973522573 0.9938834284989336 0.06738401458113309 0.143926049501337 0.2789207990809633 0.43837329648050455 0.546518319546656 0.6631289552870532 1.14823708825464 2.376532354470064
291 2910 0.30482658649452904 0.3998926218925078 0.8701154685960049 0.9942302546521583 0.06738401458113309 0.143926049501337 0.2789207990809633 0.43837329648050455 0.546518319546656 0.6631289552870532 1.14823708825464 2.376532354470064
292 2920 0.3346750661959564 0.4215580450366253 0.8701521328256805 0.994568097407533 0.06738401458113309 0.143926049501337 0.2789207990809633 0.43837329648050455 0.546518319546656 0.6631289552870532 1.14823708825464 2.376532354470064
293 2930 0.334073934080543 0.43082093001500166 0.8741432920155499 0.9947140668577386 0.06738401458113309 0.143926049501337 0.2789207990809633 0.43837329648050455 0.546518319546656 0.6631289552870532 1.14823708825464 2.376532354470064
294 2940 0.3324284315725939 0.42543827985040816 0.8665270115723638 0.9946245864732794 0.06738401458113309 0.143926049501337 0.2789207990809633 0.43837329648050455 0.546518319546656 0.6631289552870532 1.14823708825464 2.376532354470064
295 2950 0.3396694166882833 0.4467066735845642 0.8630751828628906 0.9950753555475339 0.06738401458113309 0.143926049501337 0.2789207990809633 0.43837329648050455 0.546518319546656 0.6631289552870532 1.14823708825464 2.376532354470064
296 2960 0.3689965074318087 0.4509225044680041 0.8705108659764677 0.995362854025109 0.06738401458113309 0.143926049501337 0.2789207990809633 0.43837329648050455 0.546518319546656 0.6631289552870532 1.14823708825464 2.376532354470064
297 2970 0.37119862699003353 0.4507834530384673 0.8746491971666543 0.9956925721370143 0.05529540206022 0.11767073898970444 0.2363877968950688 0.39803486164162327 0.5584909115264014 0.672724117526443 1.1062837044421643 2.404256975204615
298 2980 0.37789788047736944 0.4701268770781294 0.8768313401684249 0.995763444750339 0.05529540206022 0.11767073898970444 0.2363877968950688 0.39803486164162327 0.5584909115264014 0.672724117526443 1.1062837044421643 2.404256975204615
299 2990 0.3398908751135716 0.44836063545199367 0.8690851811221063 0.9962090688319177 0.05529540206022 0.11767073898970444 0.2363877968950688 0.39803486164162327 0.5584909115264014 0.672724117526443 1.1062837044421643 2.404256975204615
300 3000 0.3110618690305699 0.42264113063434106 0.8702099912926354 0.9964373952440904 0.05529540206022 0.11767073898970444 0.2363877968950688 0.39803486164162327 0.5584909115264014 0.672724117526443 1.1062837044421643 2.404256975204615
301 3010 0.30642187284346156 0.41321751873501156 0.875375919450111 0.9967574231606956 0.05529540206022 0.11767073898970444 0.2363877968950688 0.39803486164162327 0.5584909115264014 0.672724117526443 1.1062837044421643 2.404256975204615
302 3020 0.2468041509600521 0.34922890397714346 0.8715431236410118 0.9964105238794915 0.05529540206022 0.11767073898970444 0.2363877968950688 0.39803486164162327 0.5584909115264014 0.672724117526443 1.1062837044421643 2.404256975204615
303 3030 0.2363868219819787 0.3327231573939391 0.8651056299033002 0.9963561602266711 0.05529540206022 0.11767073898970444 0.2363877968950688 0.39803486164162327 0.5584909115264014 0.672724117526443 1.1062837044421643 2.404256975204615
304 3040 0.2020574766073762 0.32245936788777474 0.8721127990411374 0.9969261720785307 0.05529540206022 0.11767073898970444 0.2363877968950688 0.39803486164162327 0.5584909115264014 0.672724117526443 1.1062837044421643 2.404256975204615
305 3050 0.2390964086039487 0.31346461711281054 0.875354480779545 0.9968214745908193 0.051434563921943656 0.10503533888463862 0.22922131329721784 0.3896556185641547 0.6643448528039451 0.7173864842490574 1.1485324155584977 2.3466623086529257
306 3060 0.22368210188130228 0.3329984624464643 0.8834640136218324 0.9970908634110366 0.051434563921943656 0.10503533888463862 0.22922131329721784 0.3896556185641547 0.6643448528039451 0.7173864842490574 1.1485324155584977 2.3466623086529257
307 3070 0.23101251730275793 0.32795820766778977 0.8875587787336098 0.9972063682365427 0.051434563921943656 0.10503533888463862 0.22922131329721784 0.3896556185641547 0.6643448528039451 0.7173864842490574 1.1485324155584977 2.3466623086529257
308 3080 0.22243317774489704 0.3298522924427242 0.883102551145962 0.9970926516530715 0.051434563921943656 0.10503533888463862 0.22922131329721784 0.3896556185641547 0.6643448528039451 0.7173864842490574 1.1485324155584977 2.3466623086529257
309 3090 0.2432505052364122 0.3462617578546777 0.890152603975843 0.9973603902204018 0.051434563921943656 0.10503533888463862 0.22922131329721784 0.3896556185641547 0.6643448528039451 0.7173864842490574 1.1485324155584977 2.3466623086529257
310 3100 0.290827693659636 0.375557571685192 0.8944863664686534 0.9974000496904958 0.051434563921943656 0.10503533888463862 0.22922131329721784 0.3896556185641547 0.6643448528039451 0.7173864842490574 1.1485324155584977 2.3466623086529257
311 3110 0.3011591651875883 0.36808688246920307 0.8963736625095197 0.9974268224571662 0.051434563921943656 0.10503533888463862 0.22922131329721784 0.3896556185641547 0.6643448528039451 0.7173864842490574 1.1485324155584977 2.3466623086529257
312 3120 0.28715643247378086 0.35863603998949223 0.905205375502282 0.9975764287315885 0.051434563921943656 0.10503533888463862 0.22922131329721784 0.3896556185641547 0.6643448528039451 0.7173864842490574 1.1485324155584977 2.3466623086529257
313 3130 0.2920779559071212 0.3638204396581354 0.909023955242637 0.9977171640618189 0.04474309475734751 0.10002048447421069 0.18526908717889679 0.3393427366626768 0.5477592877669906 0.7248369434997035 1.0812145510922515 2.417449501660097
314 3140 0.32689147520803585 0.4169298642016684 0.9024374562539501 0.9975484708826172 0.04474309475734751 0.10002048447421069 0.18526908717889679 0.3393427366626768 0.5477592877669906 0.7248369434997035 1.0812145510922515 2.417449501660097
315 3150 0.32627416785895774 0.41824039580268496 0.903550247335943 0.9976167411677762 0.04474309475734751 0.10002048447421069 0.18526908717889679 0.3393427366626768 0.5477592877669906 0.7248369434997035 1.0812145510922515 2.417449501660097
316 3160 0.34047426917945495 0.4426126157894482 0.8947278485435566 0.9973338310426948 0.04474309475734751 0.10002048447421069 0.18526908717889679 0.3393427366626768 0.5477592877669906 0.7248369434997035 1.0812145510922515 2.417449501660097
317 3170 0.3543737447579471 0.4619459706968426 0.899454871244429 0.997083021431364 0.04474309475734751 0.10002048447421069 0.18526908717889679 0.3393427366626768 0.5477592877669906 0.7248369434997035 1.0812145510922515 2.417449501660097
318 3180 0.3791874263426527 0.45087940755468203 0.9115372251496585 0.9972987088698353 0.04474309475734751 0.10002048447421069 0.18526908717889679 0.3393427366626768 0.5477592877669906 0.7248369434997035 1.0812145510922515 2.417449501660097
319 3190 0.3741187073775701 0.4547912177068079 0.9123512926569513 0.9974501239626912 0.04474309475734751 0.10002048447421069 0.18526908717889679 0.3393427366626768 0.5477592877669906 0.7248369434997035 1.0812145510922515 2.417449501660097
320 3200 0.3455304660402012 0.5020321070336435 0.9147084264052019 0.9975766821097107 0.04474309475734751 0.10002048447421069 0.18526908717889679 0.3393427366626768 0.5477592877669906 0.7248369434997035 1.0812145510922515 2.417449501660097
321 3210 0.27032263240368637 0.479993949942759 0.9180977967065583 0.9976202520139967 0.04568307008654115 0.09739840527385157 0.1856845645333872 0.3203261631083799 0.5574837454068635 0.7134809800813305 1.0492098780857602 2.4352934927594405
322 3220 0.2689341313278849 0.47832126844560807 0.9249096351428332 0.9977171295769498 0.04568307008654115 0.09739840527385157 0.1856845645333872 0.3203261631083799 0.5574837454068635 0.7134809800813305 1.0492098780857602 2.4352934927594405
323 3230 0.2679366359405473 0.4938860179163188 0.9274257086099498 0.9979927502912264 0.04568307008654115 0.09739840527385157 0.1856845645333872 0.3203261631083799 0.5574837454068635 0.7134809800813305 1.0492098780857602 2.4352934927594405
324 3240 0.2636823888734091 0.5134862804873824 0.9314006936608976 0.9979586347842699 0.04568307008654115 0.09739840527385157 0.1856845645333872 0.3203261631083799 0.5574837454068635 0.7134809800813305 1.0492098780857602 2.4352934927594405
325 3250 0.19493790213019746 0.4679509642718056 0.9263917204755703 0.9978135601621141 0.04568307008654115 0.09739840527385157 0.1856845645333872 0.3203261631083799 0.5574837454068635 0.7134809800813305 1.0492098780857602 2.4352934927594405
326 3260 0.24282378695945975 0.4829053761087265 0.929939133137766 0.9979618500971512 0.04568307008654115 0.09739840527385157 0.1856845645333872 0.3203261631083799 0.5574837454068635 0.7134809800813305 1.0492098780857602 2.4352934927594405
327 3270 0.20833378617157125 0.5158622609207826 0.9295092700269969 0.9982034762184648 0.04568307008654115 0.09739840527385157 0.1856845645333872 0.3203261631083799 0.5574837454068635 0.7134809800813305 1.0492098780857602 2.4352934927594405
328 3280 0.24227608456274544 0.531281742629869 0.9329207562552289 0.9982475939821175 0.04568307008654115 0.09739840527385157 0.1856845645333872 0.3203261631083799 0.5574837454068635 0.7134809800813305 1.0492098780857602 2.4352934927594405
329 3290 0.2526503704815203 0.5412126311710888 0.9381400601018213 0.9982116834786214 0.038871767545402336 0.08375579151530978 0.16433000966853545 0.2770433015330819 0.48188995935041257 0.6372071391095703 1.0534485899191972 2.477844185459578
330 3300 0.28753174974620077 0.5547235626763338 0.9393965778239663 0.9984757710090013 0.038871767545402336 0.08375579151530978 0.16433000966853545 0.2770433015330819 0.48188995935041257 0.6372071391095703 1.0534485899191972 2.477844185459578
331 3310 0.2619848862772863 0.5437152519828032 0.9399593363649872 0.9984675960645688 0.038871767545402336 0.08375579151530978 0.16433000966853545 0.2770433015330819 0.48188995935041257 0.6372071391095703 1.0534485899191972 2.477844185459578
332 3320 0.21800633296872723 0.5407993330765882 0.9385132341762775 0.9983646216056956 0.038871767545402336 0.08375579151530978 0.16433000966853545 0.2770433015330819 0.48188995935041257 0.6372071391095703 1.0534485899191972 2.477844185459578
333 3330 0.19128076136963368 0.5072990558947023 0.930591228927309 0.9981960675295803 0.038871767545402336 0.08375579151530978 0.16433000966853545 0.2770433015330819 0.48188995935041257 0.6372071391095703 1.0534485899191972 2.477844185459578
334 3340 0.21000422800942195 0.49322545206715285 0.9323104420449166 0.9983172483382011 0.038871767545402336 0.08375579151530978 0.16433000966853545 0.2770433015330819 0.48188995935041257 0.6372071391095703 1.0534485899191972 2.477844185459578
335 3350 0.22434873335831912 0.4865174778300378 0.936317225629447 0.9982358268312477 0.038871767545402336 0.08375579151530978 0.16433000966853545 0.2770433015330819 0.48188995935041257 0.6372071391095703 1.0534485899191972 2.477844185459578
336 3360 0.24320204591965114 0.5050627945729104 0.9411824268071086 0.9982045857601126 0.038871767545402336 0.08375579151530978 0.16433000966853545 0.2770433015330819 0.48188995935041257 0.6372071391095703 1.0534485899191972 2.477844185459578
337 3370 0.29359098841998227 0.5158451344074713 0.9381765740565181 0.998108248969937 0.04130719667747075 0.0861256777787491 0.1698737024464238 0.30635834810242824 0.49623179436854686 0.6938337310432547 1.0197852249656125 2.4699292349703263
338 3380 0.2828969110458715 0.5210188957639742 0.9430747111861915 0.9981979145600486 0.04130719667747075 0.0861256777787491 0.1698737024464238 0.30635834810242824 0.49623179436854686 0.6938337310432547 1.0197852249656125 2.4699292349703263
339 3390 0.25445265825987223 0.5153429080538294 0.9411550470247494 0.9982191285831069 0.04130719667747075 0.0861256777787491 0.1698737024464238 0.30635834810242824 0.49623179436854686 0.6938337310432547 1.0197852249656125 2.4699292349703263
340 3400 0.2768433380594449 0.4963288777254689 0.9424442490444874 0.9982565508430752 0.04130719667747075 0.0861256777787491 0.1698737024464238 0.30635834810242824 0.49623179436854686 0.6938337310432547 1.0197852249656125 2.4699292349703263
341 3410 0.29510011992888513 0.505256530802507 0.9427268616977964 0.9983437406751702 0.04130719667747075 0.0861256777787491 0.1698737024464238 0.30635834810242824 0.49623179436854686 0.6938337310432547 1.0197852249656125 2.4699292349703263
342 3420 0.28061893743004657 0.507135563875462 0.9426314340020172 0.9983552782214903 0.04130719667747075 0.0861256777787491 0.1698737024464238 0.30635834810242824 0.49623179436854686 0.6938337310432547 1.0197852249656125 2.4699292349703263
343 3430 0.289054393143137 0.5069676892767557 0.9414581563970156 0.9984846401385014 0.04130719667747075 0.0861256777787491 0.1698737024464238 0.30635834810242824 0.49623179436854686 0.6938337310432547 1.0197852249656125 2.4699292349703263
344 3440 0.23841833809570828 0.48165428139891964 0.9349692095499973 0.9982983336048102 0.04130719667747075 0.0861256777787491 0.1698737024464238 0.30635834810242824 0.49623179436854686 0.6938337310432547 1.0197852249656125 2.4699292349703263
345 3450 0.2688563976761338 0.5045880303906064 0.9385230077130291 0.998276561760685 0.03896089780970387 0.08430547052391434 0.16112511795504633 0.2978734074125811 0.4654398333079196 0.7148984300890426 0.9919421180259582 2.4829461525201655
346 3460 0.27813020886777845 0.49819955172302455 0.9362273031670055 0.9982149099356924 0.03896089780970387 0.08430547052391434 0.16112511795504633 0.2978734074125811 0.4654398333079196 0.7148984300890426 0.9919421180259582 2.4829461525201655
347 3470 0.26498980620642015 0.5220047730162978 0.9389925492795004 0.9983714079125278 0.03896089780970387 0.08430547052391434 0.16112511795504633 0.2978734074125811 0.4654398333079196 0.7148984300890426 0.9919421180259582 2.4829461525201655
348 3480 0.25355245721325476 0.5203519656594517 0.9345832168050893 0.998467602504409 0.03896089780970387 0.08430547052391434 0.16112511795504633 0.2978734074125811 0.4654398333079196 0.7148984300890426 0.9919421180259582 2.4829461525201655
349 3490 0.2366038421698755 0.5085724360575894 0.9341642374402712 0.9983569842011208 0.03896089780970387 0.08430547052391434 0.16112511795504633 0.2978734074125811 0.4654398333079196 0.7148984300890426 0.9919421180259582 2.4829461525201655
350 3500 0.18670982260743013 0.47914808298215006 0.9274313237821199 0.9982504295206487 0.03896089780970387 0.08430547052391434 0.16112511795504633 0.2978734074125811 0.4654398333079196 0.7148984300890426 0.9919421180259582 2.4829461525201655
351 3510 0.15893609361600602 0.4677683244176752 0.9245200790360442 0.9982330771623904 0.03896089780970387 0.08430547052391434 0.16112511795504633 0.2978734074125811 0.4654398333079196 0.7148984300890426 0.9919421180259582 2.4829461525201655
352 3520 0.18550984729981204 0.4953436522913145 0.9270041144508321 0.998263738941755 0.03896089780970387 0.08430547052391434 0.16112511795504633 0.2978734074125811 0.4654398333079196 0.7148984300890426 0.9919421180259582 2.4829461525201655
353 3530 0.23594467656145968 0.4871602182961582 0.9303111415853412 0.9982332512071036 0.041467955462342596 0.08338519627636896 0.17285575864139663 0.3127880953843929 0.432983301765706 0.7069610131682953 1.046199584950816 2.4661325646653505
354 3540 0.2362596277046327 0.48862517152015517 0.9266070688427249 0.9980847465712178 0.041467955462342596 0.08338519627636896 0.17285575864139663 0.3127880953843929 0.432983301765706 0.7069610131682953 1.046199584950816 2.4661325646653505
355 3550 0.20192374188952503 0.4974283424116873 0.9255085380958079 0.998200509314158 0.041467955462342596 0.08338519627636896 0.17285575864139663 0.3127880953843929 0.432983301765706 0.7069610131682953 1.046199584950816 2.4661325646653505
356 3560 0.20367301019975237 0.5024315954239821 0.930945692598989 0.9982303355412975 0.041467955462342596 0.08338519627636896 0.17285575864139663 0.3127880953843929 0.432983301765706 0.7069610131682953 1.046199584950816 2.4661325646653505
357 3570 0.20034239432967846 0.5058308515917032 0.9339238664802358 0.9980993767830496 0.041467955462342596 0.08338519627636896 0.17285575864139663 0.3127880953843929 0.432983301765706 0.7069610131682953 1.046199584950816 2.4661325646653505
358 3580 0.23951698209102487 0.5100676512644022 0.9305886373408889 0.9982809756081644 0.041467955462342596 0.08338519627636896 0.17285575864139663 0.3127880953843929 0.432983301765706 0.7069610131682953 1.046199584950816 2.4661325646653505
359 3590 0.23696558361649883 0.5119442881199627 0.9256989442174162 0.9981889038442289 0.041467955462342596 0.08338519627636896 0.17285575864139663 0.3127880953843929 0.432983301765706 0.7069610131682953 1.046199584950816 2.4661325646653505
360 3600 0.2292315459704696 0.5273579469972189 0.9254169981276149 0.9982128726323574 0.041467955462342596 0.08338519627636896 0.17285575864139663 0.3127880953843929 0.432983301765706 0.7069610131682953 1.046199584950816 2.4661325646653505
361 3610 0.22742289569333177 0.5354451512019837 0.9283059849509696 0.9982543755668885 0.03998601756614357 0.07980168986830023 0.17149254307886377 0.31612327246571353 0.4333796632491419 0.64366785815901 1.0660536370847935 2.474690403198067
362 3620 0.24977661237376364 0.5320760225781189 0.9288228866584884 0.9983236203373441 0.03998601756614357 0.07980168986830023 0.17149254307886377 0.31612327246571353 0.4333796632491419 0.64366785815901 1.0660536370847935 2.474690403198067
363 3630 0.27354890443202184 0.577928531991782 0.928702465692498 0.9983431988439999 0.03998601756614357 0.07980168986830023 0.17149254307886377 0.31612327246571353 0.4333796632491419 0.64366785815901 1.0660536370847935 2.474690403198067
364 3640 0.2326028712095336 0.543594630251564 0.9246354143959269 0.9982434848975488 0.03998601756614357 0.07980168986830023 0.17149254307886377 0.31612327246571353 0.4333796632491419 0.64366785815901 1.0660536370847935 2.474690403198067
365 3650 0.2255237515034049 0.5273204909624798 0.9182582248471645 0.9981500070277274 0.03998601756614357 0.07980168986830023 0.17149254307886377 0.31612327246571353 0.4333796632491419 0.64366785815901 1.0660536370847935 2.474690403198067
366 3660 0.20340099907315384 0.5026902613525287 0.9184975150849886 0.9982545202212064 0.03998601756614357 0.07980168986830023 0.17149254307886377 0.31612327246571353 0.4333796632491419 0.64366785815901 1.0660536370847935 2.474690403198067
367 3670 0.17646780792085834 0.4729445584797484 0.9173144360208569 0.9979550694374175 0.03998601756614357 0.07980168986830023 0.17149254307886377 0.31612327246571353 0.4333796632491419 0.64366785815901 1.0660536370847935 2.474690403198067
368 3680 0.17426497211622466 0.44134851134004943 0.919773347263664 0.9979213684007872 0.03998601756614357 0.07980168986830023 0.17149254307886377 0.31612327246571353 0.4333796632491419 0.64366785815901 1.0660536370847935 2.474690403198067
369 3690 0.17255550879156653 0.4577515877706232 0.9046170740719514 0.9976942382535214 0.04104328219970327 0.08508378372882103 0.19364556529163268 0.3390971570732892 0.5160543696524656 0.643060120068977 1.1217912195390043 2.4290608763769224
370 3700 0.13460083995186442 0.4543034750594799 0.9035135034764589 0.9979165603894227 0.04104328219970327 0.08508378372882103 0.19364556529163268 0.3390971570732892 0.5160543696524656 0.643060120068977 1.1217912195390043 2.4290608763769224
371 3710 0.13138176509521585 0.46847108053439945 0.9117137907531199 0.9981110376542484 0.04104328219970327 0.08508378372882103 0.19364556529163268 0.3390971570732892 0.5160543696524656 0.643060120068977 1.1217912195390043 2.4290608763769224
372 3720 0.1519924653461384 0.45292811904660946 0.9085772644396959 0.9980356367998727 0.04104328219970327 0.08508378372882103 0.19364556529163268 0.3390971570732892 0.5160543696524656 0.643060120068977 1.1217912195390043 2.4290608763769224
373 3730 0.1472133793605704 0.4788528234495082 0.9198555341374215 0.9984619808609103 0.04104328219970327 0.08508378372882103 0.19364556529163268 0.3390971570732892 0.5160543696524656 0.643060120068977 1.1217912195390043 2.4290608763769224
374 3740 0.15994068912163623 0.4619189990065978 0.9183545514931194 0.9982997995499425 0.04104328219970327 0.08508378372882103 0.19364556529163268 0.3390971570732892 0.5160543696524656 0.643060120068977 1.1217912195390043 2.4290608763769224
375 3750 0.1298730659312281 0.46103964019321864 0.9240592471201359 0.9983297580823008 0.04104328219970327 0.08508378372882103 0.19364556529163268 0.3390971570732892 0.5160543696524656 0.643060120068977 1.1217912195390043 2.4290608763769224
376 3760 0.14089261005876202 0.46294395194066973 0.9285226689775062 0.9982112439437382 0.04104328219970327 0.08508378372882103 0.19364556529163268 0.3390971570732892 0.5160543696524656 0.643060120068977 1.1217912195390043 2.4290608763769224
377 3770 0.09892801092267663 0.4333925992655967 0.92512104293056 0.9982456760445346 0.0371356399625754 0.07897327608164273 0.1815644696377253 0.3172631690647182 0.5021301160449128 0.6207245371877301 1.1686616580187654 2.4198262159502937
378 3780 0.025080492055102523 0.43981569106988594 0.9235991147223204 0.9983332820741908 0.0371356399625754 0.07897327608164273 0.1815644696377253 0.3172631690647182 0.5021301160449128 0.6207245371877301 1.1686616580187654 2.4198262159502937
379 3790 0.09378061142242797 0.43603300706626247 0.9219133320933945 0.9982740669216987 0.0371356399625754 0.07897327608164273 0.1815644696377253 0.3172631690647182 0.5021301160449128 0.6207245371877301 1.1686616580187654 2.4198262159502937
380 3800 0.09663142309948881 0.4354887642835362 0.9243129963146226 0.9983273703895568 0.0371356399625754 0.07897327608164273 0.1815644696377253 0.3172631690647182 0.5021301160449128 0.6207245371877301 1.1686616580187654 2.4198262159502937
381 3810 0.13622641440647767 0.44332328111972585 0.9190302939024997 0.9983917994387793 0.0371356399625754 0.07897327608164273 0.1815644696377253 0.3172631690647182 0.5021301160449128 0.6207245371877301 1.1686616580187654 2.4198262159502937
382 3820 0.13673762427361527 0.4389131297489215 0.9198571598266705 0.998391229151348 0.0371356399625754 0.07897327608164273 0.1815644696377253 0.3172631690647182 0.5021301160449128 0.6207245371877301 1.1686616580187654 2.4198262159502937
383 3830 0.13036552700127418 0.4108197872413646 0.9127213785055968 0.998229029545252 0.0371356399625754 0.07897327608164273 0.1815644696377253 0.3172631690647182 0.5021301160449128 0.6207245371877301 1.1686616580187654 2.4198262159502937
384 3840 0.11360122133018305 0.3761378008038624 0.9179860457419149 0.9981984346671915 0.0371356399625754 0.07897327608164273 0.1815644696377253 0.3172631690647182 0.5021301160449128 0.6207245371877301 1.1686616580187654 2.4198262159502937
385 3850 0.11507417496476977 0.3913487493838511 0.9147562105666199 0.9982321586217858 0.034747460353047724 0.08367753559916437 0.19953052274215774 0.3422047554350974 0.47986266698862295 0.6558503872252465 1.1673611622753275 2.4107538586726704
386 3860 0.07596455795077081 0.3346385540658314 0.917774437564331 0.998260826460124 0.034747460353047724 0.08367753559916437 0.19953052274215774 0.3422047554350974 0.47986266698862295 0.6558503872252465 1.1673611622753275 2.4107538586726704
387 3870 0.052540684367329234 0.33052356141850975 0.9204682611583024 0.9982692625729703 0.034747460353047724 0.08367753559916437 0.19953052274215774 0.3422047554350974 0.47986266698862295 0.6558503872252465 1.1673611622753275 2.4107538586726704
388 3880 0.032302441843588464 0.3057600774024621 0.9194526749040547 0.9984014076469925 0.034747460353047724 0.08367753559916437 0.19953052274215774 0.3422047554350974 0.47986266698862295 0.6558503872252465 1.1673611622753275 2.4107538586726704
389 3890 -0.009718201585293651 0.2955000986894525 0.9117937366465312 0.9983471964860233 0.034747460353047724 0.08367753559916437 0.19953052274215774 0.3422047554350974 0.47986266698862295 0.6558503872252465 1.1673611622753275 2.4107538586726704
390 3900 0.03979941337668941 0.29502907011006274 0.9122851198901735 0.9983290522224525 0.034747460353047724 0.08367753559916437 0.19953052274215774 0.3422047554350974 0.47986266698862295 0.6558503872252465 1.1673611622753275 2.4107538586726704
391 3910 0.06267472078827402 0.32247216899468534 0.917434186213247 0.9983554766263543 0.034747460353047724 0.08367753559916437 0.19953052274215774 0.3422047554350974 0.47986266698862295 0.6558503872252465 1.1673611622753275 2.4107538586726704
392 3920 0.07605603088228394 0.27996213281752513 0.9047094059104974 0.9982491780397529 0.034747460353047724 0.08367753559916437 0.19953052274215774 0.3422047554350974 0.47986266698862295 0.6558503872252465 1.1673611622753275 2.4107538586726704
393 3930 0.08217997492791987 0.30589960104275316 0.9085884897648882 0.998317902844932 0.03372199010279974 0.08657236144062055 0.18398531626453282 0.37003754649404286 0.4667724305519123 0.6569332309281866 1.2362903100349838 2.3754448359611153
394 3940 0.05968665746804787 0.289940894570054 0.9138141627652108 0.9982787434839915 0.03372199010279974 0.08657236144062055 0.18398531626453282 0.37003754649404286 0.4667724305519123 0.6569332309281866 1.2362903100349838 2.3754448359611153
395 3950 0.08104575344079891 0.29228408543899 0.9190990857713304 0.9983961247506277 0.03372199010279974 0.08657236144062055 0.18398531626453282 0.37003754649404286 0.4667724305519123 0.6569332309281866 1.2362903100349838 2.3754448359611153
396 3960 0.09298382898099532 0.2871184402584616 0.9139386609777889 0.9984571956965084 0.03372199010279974 0.08657236144062055 0.18398531626453282 0.37003754649404286 0.4667724305519123 0.6569332309281866 1.2362903100349838 2.3754448359611153
397 3970 0.1449367551732284 0.34665274408500973 0.9166247950080673 0.998607633161222 0.03372199010279974 0.08657236144062055 0.18398531626453282 0.37003754649404286 0.4667724305519123 0.6569332309281866 1.2362903100349838 2.3754448359611153
398 3980 0.11748678654207399 0.33709835497608626 0.9131668940420867 0.9985724276335819 0.03372199010279974 0.08657236144062055 0.18398531626453282 0.37003754649404286 0.4667724305519123 0.6569332309281866 1.2362903100349838 2.3754448359611153
399 3990 0.09372676139360477 0.3105264719488319 0.9085448396366723 0.9984941822374469 0.03372199010279974 0.08657236144062055 0.18398531626453282 0.37003754649404286 0.4667724305519123 0.6569332309281866 1.2362903100349838 2.3754448359611153
400 4000 0.07636900970861579 0.29799203081008996 0.9118399659683945 0.9984272505392974 0.03372199010279974 0.08657236144062055 0.18398531626453282 0.37003754649404286 0.4667724305519123 0.6569332309281866 1.2362903100349838 2.3754448359611153
401 4010 0.13639364267129495 0.3150170288329056 0.9186553698925919 0.9985377587855281 0.033530411509215 0.08666780025734776 0.17266173748384772 0.33232279967267714 0.5081510091278741 0.647816957030251 1.2223601592624993 2.3830789471361395
402 4020 0.14831444460198664 0.33133568828610305 0.9197425590164885 0.9985031983824818 0.033530411509215 0.08666780025734776 0.17266173748384772 0.33232279967267714 0.5081510091278741 0.647816957030251 1.2223601592624993 2.3830789471361395
403 4030 0.14957969606849378 0.3385720937546959 0.9224287421487247 0.9985381542080813 0.033530411509215 0.08666780025734776 0.17266173748384772 0.33232279967267714 0.5081510091278741 0.647816957030251 1.2223601592624993 2.3830789471361395
404 4040 0.2254890188511376 0.42823373457327685 0.918092055231805 0.9984369896311025 0.033530411509215 0.08666780025734776 0.17266173748384772 0.33232279967267714 0.5081510091278741 0.647816957030251 1.2223601592624993 2.3830789471361395
405 4050 0.21972271983045938 0.38342270666739264 0.9108531865360802 0.9983615413472332 0.033530411509215 0.08666780025734776 0.17266173748384772 0.33232279967267714 0.5081510091278741 0.647816957030251 1.2223601592624993 2.3830789471361395
406 4060 0.2114600172880799 0.3639792002149357 0.9043434556812908 0.9984502980031963 0.033530411509215 0.08666780025734776 0.17266173748384772 0.33232279967267714 0.5081510091278741 0.647816957030251 1.2223601592624993 2.3830789471361395
407 4070 0.18001374377596568 0.34476849583821734 0.8966266849173583 0.9984174628704533 0.033530411509215 0.08666780025734776 0.17266173748384772 0.33232279967267714 0.5081510091278741 0.647816957030251 1.2223601592624993 2.3830789471361395
408 4080 0.18504954710124852 0.3343334164912555 0.8957009637700981 0.9984849447987069 0.033530411509215 0.08666780025734776 0.17266173748384772 0.33232279967267714 0.5081510091278741 0.647816957030251 1.2223601592624993 2.3830789471361395
409 4090 0.17208555741036774 0.30659730983955846 0.889174453246627 0.9985598025794594 0.03218603626627012 0.09659845282010458 0.18761842359765055 0.37021442157048223 0.5396207508333403 0.6997362641885114 1.2151557914469275 2.3579542861414327
410 4100 0.18853068031698872 0.28849525233623785 0.8768339325679189 0.9982948870278966 0.03218603626627012 0.09659845282010458 0.18761842359765055 0.37021442157048223 0.5396207508333403 0.6997362641885114 1.2151557914469275 2.3579542861414327
411 4110 0.2434274253620361 0.32988324932276514 0.8715073997576861 0.9982453353230074 0.03218603626627012 0.09659845282010458 0.18761842359765055 0.37021442157048223 0.5396207508333403 0.6997362641885114 1.2151557914469275 2.3579542861414327
412 4120 0.22710343671009092 0.3340676023328543 0.8871989350753602 0.9984024523062104 0.03218603626627012 0.09659845282010458 0.18761842359765055 0.37021442157048223 0.5396207508333403 0.6997362641885114 1.2151557914469275 2.3579542861414327
412 4120 0.22710343671009092 0.3340676023328543 0.8871989350753602 0.9984024523062104 0.03218603626627012 0.09659845282010458 0.18761842359765055 0.37021442157048223 0.5396207508333403 0.6997362641885114 1.2151557914469275 2.3579542861414327
