% # columns="iteration, evaluation, min max(neg(.)) min(pos(.)) max correlation, correlation matrix principal axes lengths  (sorted square roots of eigenvalues of correlation matrix)", seed=799291, Sat Mar 22 10:12:56 2025
1 10 -0.06043260055531191 -0.009774076441951586 0.02477212055996578 0.05949255779982625 0.9457829204680839 0.9683511654714819 0.9795320913728468 0.9869332410643104 0.9942846195444095 1.0125470261036909 1.035976852325649 1.0710597201115168
2 20 -0.06043260055531191 -0.009774076441951586 0.02477212055996578 0.05949255779982625 0.9457829204680839 0.9683511654714819 0.9795320913728468 0.9869332410643104 0.9942846195444095 1.0125470261036909 1.035976852325649 1.0710597201115168
3 30 -0.06043260055531191 -0.009774076441951586 0.02477212055996578 0.05949255779982625 0.9457829204680839 0.9683511654714819 0.9795320913728468 0.9869332410643104 0.9942846195444095 1.0125470261036909 1.035976852325649 1.0710597201115168
4 40 -0.06043260055531191 -0.009774076441951586 0.02477212055996578 0.05949255779982625 0.9457829204680839 0.9683511654714819 0.9795320913728468 0.9869332410643104 0.9942846195444095 1.0125470261036909 1.035976852325649 1.0710597201115168
5 50 -0.06043260055531191 -0.009774076441951586 0.02477212055996578 0.05949255779982625 0.9457829204680839 0.9683511654714819 0.9795320913728468 0.9869332410643104 0.9942846195444095 1.0125470261036909 1.035976852325649 1.0710597201115168
6 60 -0.06043260055531191 -0.009774076441951586 0.02477212055996578 0.05949255779982625 0.9457829204680839 0.9683511654714819 0.9795320913728468 0.9869332410643104 0.9942846195444095 1.0125470261036909 1.035976852325649 1.0710597201115168
7 70 -0.06043260055531191 -0.009774076441951586 0.02477212055996578 0.05949255779982625 0.9457829204680839 0.9683511654714819 0.9795320913728468 0.9869332410643104 0.9942846195444095 1.0125470261036909 1.035976852325649 1.0710597201115168
8 80 -0.06043260055531191 -0.009774076441951586 0.02477212055996578 0.05949255779982625 0.9457829204680839 0.9683511654714819 0.9795320913728468 0.9869332410643104 0.9942846195444095 1.0125470261036909 1.035976852325649 1.0710597201115168
9 90 -0.16986829222848926 -0.02047787652334454 0.07894200899602395 0.13065481044872013 0.8445208940814081 0.9091430154770891 0.9302055548101973 0.9897232529986673 1.011110157343734 1.0327332149164554 1.0692042046770625 1.1761503604423602
10 100 -0.16986829222848926 -0.02047787652334454 0.07894200899602395 0.13065481044872013 0.8445208940814081 0.9091430154770891 0.9302055548101973 0.9897232529986673 1.011110157343734 1.0327332149164554 1.0692042046770625 1.1761503604423602
11 110 -0.16986829222848926 -0.02047787652334454 0.07894200899602395 0.13065481044872013 0.8445208940814081 0.9091430154770891 0.9302055548101973 0.9897232529986673 1.011110157343734 1.0327332149164554 1.0692042046770625 1.1761503604423602
12 120 -0.16986829222848926 -0.02047787652334454 0.07894200899602395 0.13065481044872013 0.8445208940814081 0.9091430154770891 0.9302055548101973 0.9897232529986673 1.011110157343734 1.0327332149164554 1.0692042046770625 1.1761503604423602
13 130 -0.16986829222848926 -0.02047787652334454 0.07894200899602395 0.13065481044872013 0.8445208940814081 0.9091430154770891 0.9302055548101973 0.9897232529986673 1.011110157343734 1.0327332149164554 1.0692042046770625 1.1761503604423602
14 140 -0.16986829222848926 -0.02047787652334454 0.07894200899602395 0.13065481044872013 0.8445208940814081 0.9091430154770891 0.9302055548101973 0.9897232529986673 1.011110157343734 1.0327332149164554 1.0692042046770625 1.1761503604423602
15 150 -0.16986829222848926 -0.02047787652334454 0.07894200899602395 0.13065481044872013 0.8445208940814081 0.9091430154770891 0.9302055548101973 0.9897232529986673 1.011110157343734 1.0327332149164554 1.0692042046770625 1.1761503604423602
16 160 -0.16986829222848926 -0.02047787652334454 0.07894200899602395 0.13065481044872013 0.8445208940814081 0.9091430154770891 0.9302055548101973 0.9897232529986673 1.011110157343734 1.0327332149164554 1.0692042046770625 1.1761503604423602
17 170 -0.2970563947120388 -0.08375737199370989 0.0546757959639077 0.21826254634329478 0.7219948896358759 0.8371715600857915 0.9250531578601803 0.9758961957540513 1.0110849999122833 1.0762187129142002 1.1255159538317125 1.2338738473461754
18 180 -0.2970563947120388 -0.08375737199370989 0.0546757959639077 0.21826254634329478 0.7219948896358759 0.8371715600857915 0.9250531578601803 0.9758961957540513 1.0110849999122833 1.0762187129142002 1.1255159538317125 1.2338738473461754
19 190 -0.2970563947120388 -0.08375737199370989 0.0546757959639077 0.21826254634329478 0.7219948896358759 0.8371715600857915 0.9250531578601803 0.9758961957540513 1.0110849999122833 1.0762187129142002 1.1255159538317125 1.2338738473461754
20 200 -0.2970563947120388 -0.08375737199370989 0.0546757959639077 0.21826254634329478 0.7219948896358759 0.8371715600857915 0.9250531578601803 0.9758961957540513 1.0110849999122833 1.0762187129142002 1.1255159538317125 1.2338738473461754
21 210 -0.2970563947120388 -0.08375737199370989 0.0546757959639077 0.21826254634329478 0.7219948896358759 0.8371715600857915 0.9250531578601803 0.9758961957540513 1.0110849999122833 1.0762187129142002 1.1255159538317125 1.2338738473461754
22 220 -0.2970563947120388 -0.08375737199370989 0.0546757959639077 0.21826254634329478 0.7219948896358759 0.8371715600857915 0.9250531578601803 0.9758961957540513 1.0110849999122833 1.0762187129142002 1.1255159538317125 1.2338738473461754
23 230 -0.2970563947120388 -0.08375737199370989 0.0546757959639077 0.21826254634329478 0.7219948896358759 0.8371715600857915 0.9250531578601803 0.9758961957540513 1.0110849999122833 1.0762187129142002 1.1255159538317125 1.2338738473461754
24 240 -0.2970563947120388 -0.08375737199370989 0.0546757959639077 0.21826254634329478 0.7219948896358759 0.8371715600857915 0.9250531578601803 0.9758961957540513 1.0110849999122833 1.0762187129142002 1.1255159538317125 1.2338738473461754
25 250 -0.25281281357115926 -0.10826279907672623 0.11528920508397356 0.22366432704791708 0.7323443492456442 0.7512382961900979 0.889584434024356 0.9926950161920585 1.043118584280449 1.0604040153682985 1.128540005472958 1.2792002639934943
26 260 -0.25281281357115926 -0.10826279907672623 0.11528920508397356 0.22366432704791708 0.7323443492456442 0.7512382961900979 0.889584434024356 0.9926950161920585 1.043118584280449 1.0604040153682985 1.128540005472958 1.2792002639934943
27 270 -0.25281281357115926 -0.10826279907672623 0.11528920508397356 0.22366432704791708 0.7323443492456442 0.7512382961900979 0.889584434024356 0.9926950161920585 1.043118584280449 1.0604040153682985 1.128540005472958 1.2792002639934943
28 280 -0.25281281357115926 -0.10826279907672623 0.11528920508397356 0.22366432704791708 0.7323443492456442 0.7512382961900979 0.889584434024356 0.9926950161920585 1.043118584280449 1.0604040153682985 1.128540005472958 1.2792002639934943
29 290 -0.25281281357115926 -0.10826279907672623 0.11528920508397356 0.22366432704791708 0.7323443492456442 0.7512382961900979 0.889584434024356 0.9926950161920585 1.043118584280449 1.0604040153682985 1.128540005472958 1.2792002639934943
30 300 -0.25281281357115926 -0.10826279907672623 0.11528920508397356 0.22366432704791708 0.7323443492456442 0.7512382961900979 0.889584434024356 0.9926950161920585 1.043118584280449 1.0604040153682985 1.128540005472958 1.2792002639934943
31 310 -0.25281281357115926 -0.10826279907672623 0.11528920508397356 0.22366432704791708 0.7323443492456442 0.7512382961900979 0.889584434024356 0.9926950161920585 1.043118584280449 1.0604040153682985 1.128540005472958 1.2792002639934943
32 320 -0.25281281357115926 -0.10826279907672623 0.11528920508397356 0.22366432704791708 0.7323443492456442 0.7512382961900979 0.889584434024356 0.9926950161920585 1.043118584280449 1.0604040153682985 1.128540005472958 1.2792002639934943
33 330 -0.24400570975109365 -0.13647647529420165 0.05662601909010411 0.29455794575063565 0.7406241767150126 0.7985387401033915 0.8071361631538708 0.9230841919602157 1.0368752388859452 1.1183998226815732 1.1328571335653301 1.3042104081178334
34 340 -0.24400570975109365 -0.13647647529420165 0.05662601909010411 0.29455794575063565 0.7406241767150126 0.7985387401033915 0.8071361631538708 0.9230841919602157 1.0368752388859452 1.1183998226815732 1.1328571335653301 1.3042104081178334
35 350 -0.24400570975109365 -0.13647647529420165 0.05662601909010411 0.29455794575063565 0.7406241767150126 0.7985387401033915 0.8071361631538708 0.9230841919602157 1.0368752388859452 1.1183998226815732 1.1328571335653301 1.3042104081178334
36 360 -0.24400570975109365 -0.13647647529420165 0.05662601909010411 0.29455794575063565 0.7406241767150126 0.7985387401033915 0.8071361631538708 0.9230841919602157 1.0368752388859452 1.1183998226815732 1.1328571335653301 1.3042104081178334
37 370 -0.24400570975109365 -0.13647647529420165 0.05662601909010411 0.29455794575063565 0.7406241767150126 0.7985387401033915 0.8071361631538708 0.9230841919602157 1.0368752388859452 1.1183998226815732 1.1328571335653301 1.3042104081178334
38 380 -0.24400570975109365 -0.13647647529420165 0.05662601909010411 0.29455794575063565 0.7406241767150126 0.7985387401033915 0.8071361631538708 0.9230841919602157 1.0368752388859452 1.1183998226815732 1.1328571335653301 1.3042104081178334
39 390 -0.24400570975109365 -0.13647647529420165 0.05662601909010411 0.29455794575063565 0.7406241767150126 0.7985387401033915 0.8071361631538708 0.9230841919602157 1.0368752388859452 1.1183998226815732 1.1328571335653301 1.3042104081178334
40 400 -0.24400570975109365 -0.13647647529420165 0.05662601909010411 0.29455794575063565 0.7406241767150126 0.7985387401033915 0.8071361631538708 0.9230841919602157 1.0368752388859452 1.1183998226815732 1.1328571335653301 1.3042104081178334
41 410 -0.5857564892263133 -0.08545709695373273 0.06995576819932979 0.2582398107979233 0.5762015382728556 0.8057543826486485 0.8719816675929645 0.9302632668201705 1.0211114367639351 1.1023877240908755 1.2189662045149587 1.2842133855615183
42 420 -0.5857564892263133 -0.08545709695373273 0.06995576819932979 0.2582398107979233 0.5762015382728556 0.8057543826486485 0.8719816675929645 0.9302632668201705 1.0211114367639351 1.1023877240908755 1.2189662045149587 1.2842133855615183
43 430 -0.5857564892263133 -0.08545709695373273 0.06995576819932979 0.2582398107979233 0.5762015382728556 0.8057543826486485 0.8719816675929645 0.9302632668201705 1.0211114367639351 1.1023877240908755 1.2189662045149587 1.2842133855615183
44 440 -0.5857564892263133 -0.08545709695373273 0.06995576819932979 0.2582398107979233 0.5762015382728556 0.8057543826486485 0.8719816675929645 0.9302632668201705 1.0211114367639351 1.1023877240908755 1.2189662045149587 1.2842133855615183
45 450 -0.5857564892263133 -0.08545709695373273 0.06995576819932979 0.2582398107979233 0.5762015382728556 0.8057543826486485 0.8719816675929645 0.9302632668201705 1.0211114367639351 1.1023877240908755 1.2189662045149587 1.2842133855615183
46 460 -0.5857564892263133 -0.08545709695373273 0.06995576819932979 0.2582398107979233 0.5762015382728556 0.8057543826486485 0.8719816675929645 0.9302632668201705 1.0211114367639351 1.1023877240908755 1.2189662045149587 1.2842133855615183
47 470 -0.5857564892263133 -0.08545709695373273 0.06995576819932979 0.2582398107979233 0.5762015382728556 0.8057543826486485 0.8719816675929645 0.9302632668201705 1.0211114367639351 1.1023877240908755 1.2189662045149587 1.2842133855615183
48 480 -0.5857564892263133 -0.08545709695373273 0.06995576819932979 0.2582398107979233 0.5762015382728556 0.8057543826486485 0.8719816675929645 0.9302632668201705 1.0211114367639351 1.1023877240908755 1.2189662045149587 1.2842133855615183
49 490 -0.7433376498503492 -0.06632979054486826 0.02818936982001242 0.26968083777118845 0.3734901504078573 0.7812613452034496 0.9245706752527058 0.9840363298481618 1.025345546870214 1.0580354425249165 1.1931417204523267 1.3537421219831778
50 500 -0.7433376498503492 -0.06632979054486826 0.02818936982001242 0.26968083777118845 0.3734901504078573 0.7812613452034496 0.9245706752527058 0.9840363298481618 1.025345546870214 1.0580354425249165 1.1931417204523267 1.3537421219831778
51 510 -0.7433376498503492 -0.06632979054486826 0.02818936982001242 0.26968083777118845 0.3734901504078573 0.7812613452034496 0.9245706752527058 0.9840363298481618 1.025345546870214 1.0580354425249165 1.1931417204523267 1.3537421219831778
52 520 -0.7433376498503492 -0.06632979054486826 0.02818936982001242 0.26968083777118845 0.3734901504078573 0.7812613452034496 0.9245706752527058 0.9840363298481618 1.025345546870214 1.0580354425249165 1.1931417204523267 1.3537421219831778
53 530 -0.7433376498503492 -0.06632979054486826 0.02818936982001242 0.26968083777118845 0.3734901504078573 0.7812613452034496 0.9245706752527058 0.9840363298481618 1.025345546870214 1.0580354425249165 1.1931417204523267 1.3537421219831778
54 540 -0.7433376498503492 -0.06632979054486826 0.02818936982001242 0.26968083777118845 0.3734901504078573 0.7812613452034496 0.9245706752527058 0.9840363298481618 1.025345546870214 1.0580354425249165 1.1931417204523267 1.3537421219831778
55 550 -0.7433376498503492 -0.06632979054486826 0.02818936982001242 0.26968083777118845 0.3734901504078573 0.7812613452034496 0.9245706752527058 0.9840363298481618 1.025345546870214 1.0580354425249165 1.1931417204523267 1.3537421219831778
56 560 -0.7433376498503492 -0.06632979054486826 0.02818936982001242 0.26968083777118845 0.3734901504078573 0.7812613452034496 0.9245706752527058 0.9840363298481618 1.025345546870214 1.0580354425249165 1.1931417204523267 1.3537421219831778
57 570 -0.7839659921814012 -0.12326051976280775 0.06930630589087222 0.19444879343597216 0.2675746441262997 0.7814733680579418 0.8711830175167588 0.9415503492175904 1.0327927740970475 1.0754482436630155 1.1979177475674754 1.4191439341213474
58 580 -0.7839659921814012 -0.12326051976280775 0.06930630589087222 0.19444879343597216 0.2675746441262997 0.7814733680579418 0.8711830175167588 0.9415503492175904 1.0327927740970475 1.0754482436630155 1.1979177475674754 1.4191439341213474
59 590 -0.7839659921814012 -0.12326051976280775 0.06930630589087222 0.19444879343597216 0.2675746441262997 0.7814733680579418 0.8711830175167588 0.9415503492175904 1.0327927740970475 1.0754482436630155 1.1979177475674754 1.4191439341213474
60 600 -0.7839659921814012 -0.12326051976280775 0.06930630589087222 0.19444879343597216 0.2675746441262997 0.7814733680579418 0.8711830175167588 0.9415503492175904 1.0327927740970475 1.0754482436630155 1.1979177475674754 1.4191439341213474
61 610 -0.7839659921814012 -0.12326051976280775 0.06930630589087222 0.19444879343597216 0.2675746441262997 0.7814733680579418 0.8711830175167588 0.9415503492175904 1.0327927740970475 1.0754482436630155 1.1979177475674754 1.4191439341213474
62 620 -0.7839659921814012 -0.12326051976280775 0.06930630589087222 0.19444879343597216 0.2675746441262997 0.7814733680579418 0.8711830175167588 0.9415503492175904 1.0327927740970475 1.0754482436630155 1.1979177475674754 1.4191439341213474
63 630 -0.7839659921814012 -0.12326051976280775 0.06930630589087222 0.19444879343597216 0.2675746441262997 0.7814733680579418 0.8711830175167588 0.9415503492175904 1.0327927740970475 1.0754482436630155 1.1979177475674754 1.4191439341213474
64 640 -0.7839659921814012 -0.12326051976280775 0.06930630589087222 0.19444879343597216 0.2675746441262997 0.7814733680579418 0.8711830175167588 0.9415503492175904 1.0327927740970475 1.0754482436630155 1.1979177475674754 1.4191439341213474
65 650 -0.8372708540150368 -0.14090451688791117 0.07168281587726927 0.1755439999856252 0.24829069613946386 0.8009577070636466 0.8419569505547808 0.9414693112819735 0.9792563073414925 1.071073886221417 1.2144714985726444 1.456186562557778
66 660 -0.8372708540150368 -0.14090451688791117 0.07168281587726927 0.1755439999856252 0.24829069613946386 0.8009577070636466 0.8419569505547808 0.9414693112819735 0.9792563073414925 1.071073886221417 1.2144714985726444 1.456186562557778
67 670 -0.8372708540150368 -0.14090451688791117 0.07168281587726927 0.1755439999856252 0.24829069613946386 0.8009577070636466 0.8419569505547808 0.9414693112819735 0.9792563073414925 1.071073886221417 1.2144714985726444 1.456186562557778
68 680 -0.8372708540150368 -0.14090451688791117 0.07168281587726927 0.1755439999856252 0.24829069613946386 0.8009577070636466 0.8419569505547808 0.9414693112819735 0.9792563073414925 1.071073886221417 1.2144714985726444 1.456186562557778
69 690 -0.8372708540150368 -0.14090451688791117 0.07168281587726927 0.1755439999856252 0.24829069613946386 0.8009577070636466 0.8419569505547808 0.9414693112819735 0.9792563073414925 1.071073886221417 1.2144714985726444 1.456186562557778
70 700 -0.8372708540150368 -0.14090451688791117 0.07168281587726927 0.1755439999856252 0.24829069613946386 0.8009577070636466 0.8419569505547808 0.9414693112819735 0.9792563073414925 1.071073886221417 1.2144714985726444 1.456186562557778
71 710 -0.8372708540150368 -0.14090451688791117 0.07168281587726927 0.1755439999856252 0.24829069613946386 0.8009577070636466 0.8419569505547808 0.9414693112819735 0.9792563073414925 1.071073886221417 1.2144714985726444 1.456186562557778
72 720 -0.8372708540150368 -0.14090451688791117 0.07168281587726927 0.1755439999856252 0.24829069613946386 0.8009577070636466 0.8419569505547808 0.9414693112819735 0.9792563073414925 1.071073886221417 1.2144714985726444 1.456186562557778
73 730 -0.827849161788874 -0.08006298843438303 0.03606452940395585 0.22167214184783168 0.20815154697357963 0.7993392430838784 0.8511217951978111 0.884596869208458 1.01627924695335 1.051296285197981 1.2549174226029347 1.4484283386046102
74 740 -0.827849161788874 -0.08006298843438303 0.03606452940395585 0.22167214184783168 0.20815154697357963 0.7993392430838784 0.8511217951978111 0.884596869208458 1.01627924695335 1.051296285197981 1.2549174226029347 1.4484283386046102
75 750 -0.827849161788874 -0.08006298843438303 0.03606452940395585 0.22167214184783168 0.20815154697357963 0.7993392430838784 0.8511217951978111 0.884596869208458 1.01627924695335 1.051296285197981 1.2549174226029347 1.4484283386046102
76 760 -0.827849161788874 -0.08006298843438303 0.03606452940395585 0.22167214184783168 0.20815154697357963 0.7993392430838784 0.8511217951978111 0.884596869208458 1.01627924695335 1.051296285197981 1.2549174226029347 1.4484283386046102
77 770 -0.827849161788874 -0.08006298843438303 0.03606452940395585 0.22167214184783168 0.20815154697357963 0.7993392430838784 0.8511217951978111 0.884596869208458 1.01627924695335 1.051296285197981 1.2549174226029347 1.4484283386046102
78 780 -0.827849161788874 -0.08006298843438303 0.03606452940395585 0.22167214184783168 0.20815154697357963 0.7993392430838784 0.8511217951978111 0.884596869208458 1.01627924695335 1.051296285197981 1.2549174226029347 1.4484283386046102
79 790 -0.827849161788874 -0.08006298843438303 0.03606452940395585 0.22167214184783168 0.20815154697357963 0.7993392430838784 0.8511217951978111 0.884596869208458 1.01627924695335 1.051296285197981 1.2549174226029347 1.4484283386046102
80 800 -0.827849161788874 -0.08006298843438303 0.03606452940395585 0.22167214184783168 0.20815154697357963 0.7993392430838784 0.8511217951978111 0.884596869208458 1.01627924695335 1.051296285197981 1.2549174226029347 1.4484283386046102
81 810 -0.7592225575152699 -0.14471593626044477 0.06692498101424277 0.24367096601749338 0.21064309497869266 0.7846067076560697 0.8080724332958399 0.9232193335195983 0.9963230217851038 1.0309884354229413 1.300559134363124 1.444872321664328
82 820 -0.7592225575152699 -0.14471593626044477 0.06692498101424277 0.24367096601749338 0.21064309497869266 0.7846067076560697 0.8080724332958399 0.9232193335195983 0.9963230217851038 1.0309884354229413 1.300559134363124 1.444872321664328
83 830 -0.7592225575152699 -0.14471593626044477 0.06692498101424277 0.24367096601749338 0.21064309497869266 0.7846067076560697 0.8080724332958399 0.9232193335195983 0.9963230217851038 1.0309884354229413 1.300559134363124 1.444872321664328
84 840 -0.7592225575152699 -0.14471593626044477 0.06692498101424277 0.24367096601749338 0.21064309497869266 0.7846067076560697 0.8080724332958399 0.9232193335195983 0.9963230217851038 1.0309884354229413 1.300559134363124 1.444872321664328
85 850 -0.7592225575152699 -0.14471593626044477 0.06692498101424277 0.24367096601749338 0.21064309497869266 0.7846067076560697 0.8080724332958399 0.9232193335195983 0.9963230217851038 1.0309884354229413 1.300559134363124 1.444872321664328
86 860 -0.7592225575152699 -0.14471593626044477 0.06692498101424277 0.24367096601749338 0.21064309497869266 0.7846067076560697 0.8080724332958399 0.9232193335195983 0.9963230217851038 1.0309884354229413 1.300559134363124 1.444872321664328
87 870 -0.7592225575152699 -0.14471593626044477 0.06692498101424277 0.24367096601749338 0.21064309497869266 0.7846067076560697 0.8080724332958399 0.9232193335195983 0.9963230217851038 1.0309884354229413 1.300559134363124 1.444872321664328
88 880 -0.7592225575152699 -0.14471593626044477 0.06692498101424277 0.24367096601749338 0.21064309497869266 0.7846067076560697 0.8080724332958399 0.9232193335195983 0.9963230217851038 1.0309884354229413 1.300559134363124 1.444872321664328
89 890 -0.7763826098898996 -0.10635482814831594 0.05908511404645107 0.2372516206908965 0.18266292495603215 0.6917436763058524 0.896100732647651 0.9653511738157335 1.0026962771102281 1.0489640185584743 1.2835786889152183 1.4141873791333077
90 900 -0.7763826098898996 -0.10635482814831594 0.05908511404645107 0.2372516206908965 0.18266292495603215 0.6917436763058524 0.896100732647651 0.9653511738157335 1.0026962771102281 1.0489640185584743 1.2835786889152183 1.4141873791333077
91 910 -0.7763826098898996 -0.10635482814831594 0.05908511404645107 0.2372516206908965 0.18266292495603215 0.6917436763058524 0.896100732647651 0.9653511738157335 1.0026962771102281 1.0489640185584743 1.2835786889152183 1.4141873791333077
92 920 -0.7763826098898996 -0.10635482814831594 0.05908511404645107 0.2372516206908965 0.18266292495603215 0.6917436763058524 0.896100732647651 0.9653511738157335 1.0026962771102281 1.0489640185584743 1.2835786889152183 1.4141873791333077
93 930 -0.7763826098898996 -0.10635482814831594 0.05908511404645107 0.2372516206908965 0.18266292495603215 0.6917436763058524 0.896100732647651 0.9653511738157335 1.0026962771102281 1.0489640185584743 1.2835786889152183 1.4141873791333077
94 940 -0.7763826098898996 -0.10635482814831594 0.05908511404645107 0.2372516206908965 0.18266292495603215 0.6917436763058524 0.896100732647651 0.9653511738157335 1.0026962771102281 1.0489640185584743 1.2835786889152183 1.4141873791333077
95 950 -0.7763826098898996 -0.10635482814831594 0.05908511404645107 0.2372516206908965 0.18266292495603215 0.6917436763058524 0.896100732647651 0.9653511738157335 1.0026962771102281 1.0489640185584743 1.2835786889152183 1.4141873791333077
96 960 -0.7763826098898996 -0.10635482814831594 0.05908511404645107 0.2372516206908965 0.18266292495603215 0.6917436763058524 0.896100732647651 0.9653511738157335 1.0026962771102281 1.0489640185584743 1.2835786889152183 1.4141873791333077
97 970 -0.7511335179842974 -0.10099461617106609 0.06427138591873874 0.17544765177671784 0.1910385953672108 0.6659073754617476 0.7861039699996506 0.9455047955675022 1.0172996928871127 1.1061203842577974 1.2788155570333564 1.454084816565407
98 980 -0.7511335179842974 -0.10099461617106609 0.06427138591873874 0.17544765177671784 0.1910385953672108 0.6659073754617476 0.7861039699996506 0.9455047955675022 1.0172996928871127 1.1061203842577974 1.2788155570333564 1.454084816565407
99 990 -0.7511335179842974 -0.10099461617106609 0.06427138591873874 0.17544765177671784 0.1910385953672108 0.6659073754617476 0.7861039699996506 0.9455047955675022 1.0172996928871127 1.1061203842577974 1.2788155570333564 1.454084816565407
100 1000 -0.7511335179842974 -0.10099461617106609 0.06427138591873874 0.17544765177671784 0.1910385953672108 0.6659073754617476 0.7861039699996506 0.9455047955675022 1.0172996928871127 1.1061203842577974 1.2788155570333564 1.454084816565407
101 1010 -0.7511335179842974 -0.10099461617106609 0.06427138591873874 0.17544765177671784 0.1910385953672108 0.6659073754617476 0.7861039699996506 0.9455047955675022 1.0172996928871127 1.1061203842577974 1.2788155570333564 1.454084816565407
102 1020 -0.7511335179842974 -0.10099461617106609 0.06427138591873874 0.17544765177671784 0.1910385953672108 0.6659073754617476 0.7861039699996506 0.9455047955675022 1.0172996928871127 1.1061203842577974 1.2788155570333564 1.454084816565407
103 1030 -0.7511335179842974 -0.10099461617106609 0.06427138591873874 0.17544765177671784 0.1910385953672108 0.6659073754617476 0.7861039699996506 0.9455047955675022 1.0172996928871127 1.1061203842577974 1.2788155570333564 1.454084816565407
104 1040 -0.7511335179842974 -0.10099461617106609 0.06427138591873874 0.17544765177671784 0.1910385953672108 0.6659073754617476 0.7861039699996506 0.9455047955675022 1.0172996928871127 1.1061203842577974 1.2788155570333564 1.454084816565407
105 1050 -0.7364908053433685 -0.16482185434414445 0.056851740616363985 0.22165994424864327 0.20835084387116523 0.6358941102097027 0.8359464390494062 0.8751689608792242 1.060853864251782 1.1053158920385133 1.359444483198821 1.3756009603160497
106 1060 -0.7364908053433685 -0.16482185434414445 0.056851740616363985 0.22165994424864327 0.20835084387116523 0.6358941102097027 0.8359464390494062 0.8751689608792242 1.060853864251782 1.1053158920385133 1.359444483198821 1.3756009603160497
107 1070 -0.7364908053433685 -0.16482185434414445 0.056851740616363985 0.22165994424864327 0.20835084387116523 0.6358941102097027 0.8359464390494062 0.8751689608792242 1.060853864251782 1.1053158920385133 1.359444483198821 1.3756009603160497
108 1080 -0.7364908053433685 -0.16482185434414445 0.056851740616363985 0.22165994424864327 0.20835084387116523 0.6358941102097027 0.8359464390494062 0.8751689608792242 1.060853864251782 1.1053158920385133 1.359444483198821 1.3756009603160497
109 1090 -0.7364908053433685 -0.16482185434414445 0.056851740616363985 0.22165994424864327 0.20835084387116523 0.6358941102097027 0.8359464390494062 0.8751689608792242 1.060853864251782 1.1053158920385133 1.359444483198821 1.3756009603160497
110 1100 -0.7364908053433685 -0.16482185434414445 0.056851740616363985 0.22165994424864327 0.20835084387116523 0.6358941102097027 0.8359464390494062 0.8751689608792242 1.060853864251782 1.1053158920385133 1.359444483198821 1.3756009603160497
111 1110 -0.7364908053433685 -0.16482185434414445 0.056851740616363985 0.22165994424864327 0.20835084387116523 0.6358941102097027 0.8359464390494062 0.8751689608792242 1.060853864251782 1.1053158920385133 1.359444483198821 1.3756009603160497
112 1120 -0.7364908053433685 -0.16482185434414445 0.056851740616363985 0.22165994424864327 0.20835084387116523 0.6358941102097027 0.8359464390494062 0.8751689608792242 1.060853864251782 1.1053158920385133 1.359444483198821 1.3756009603160497
113 1130 -0.6295802601640431 -0.0955418458230887 0.05067586737456667 0.17123378129590344 0.19418699817529642 0.5166786442225311 0.8638021185475832 0.9510603827898532 1.0069712725666324 1.1102485556656547 1.3537496264157147 1.4019213909743784
114 1140 -0.6295802601640431 -0.0955418458230887 0.05067586737456667 0.17123378129590344 0.19418699817529642 0.5166786442225311 0.8638021185475832 0.9510603827898532 1.0069712725666324 1.1102485556656547 1.3537496264157147 1.4019213909743784
115 1150 -0.6295802601640431 -0.0955418458230887 0.05067586737456667 0.17123378129590344 0.19418699817529642 0.5166786442225311 0.8638021185475832 0.9510603827898532 1.0069712725666324 1.1102485556656547 1.3537496264157147 1.4019213909743784
116 1160 -0.6295802601640431 -0.0955418458230887 0.05067586737456667 0.17123378129590344 0.19418699817529642 0.5166786442225311 0.8638021185475832 0.9510603827898532 1.0069712725666324 1.1102485556656547 1.3537496264157147 1.4019213909743784
117 1170 -0.6295802601640431 -0.0955418458230887 0.05067586737456667 0.17123378129590344 0.19418699817529642 0.5166786442225311 0.8638021185475832 0.9510603827898532 1.0069712725666324 1.1102485556656547 1.3537496264157147 1.4019213909743784
118 1180 -0.6295802601640431 -0.0955418458230887 0.05067586737456667 0.17123378129590344 0.19418699817529642 0.5166786442225311 0.8638021185475832 0.9510603827898532 1.0069712725666324 1.1102485556656547 1.3537496264157147 1.4019213909743784
119 1190 -0.6295802601640431 -0.0955418458230887 0.05067586737456667 0.17123378129590344 0.19418699817529642 0.5166786442225311 0.8638021185475832 0.9510603827898532 1.0069712725666324 1.1102485556656547 1.3537496264157147 1.4019213909743784
120 1200 -0.6295802601640431 -0.0955418458230887 0.05067586737456667 0.17123378129590344 0.19418699817529642 0.5166786442225311 0.8638021185475832 0.9510603827898532 1.0069712725666324 1.1102485556656547 1.3537496264157147 1.4019213909743784
121 1210 -0.6932819494480931 -0.1194419089288765 0.04414455037727132 0.14417057403857708 0.1600395301529453 0.44020882947160217 0.9043029681795804 0.9716661243881464 1.0068097409790089 1.0355916649446484 1.3324599571366358 1.468720235884347
122 1220 -0.6932819494480931 -0.1194419089288765 0.04414455037727132 0.14417057403857708 0.1600395301529453 0.44020882947160217 0.9043029681795804 0.9716661243881464 1.0068097409790089 1.0355916649446484 1.3324599571366358 1.468720235884347
123 1230 -0.6932819494480931 -0.1194419089288765 0.04414455037727132 0.14417057403857708 0.1600395301529453 0.44020882947160217 0.9043029681795804 0.9716661243881464 1.0068097409790089 1.0355916649446484 1.3324599571366358 1.468720235884347
124 1240 -0.6932819494480931 -0.1194419089288765 0.04414455037727132 0.14417057403857708 0.1600395301529453 0.44020882947160217 0.9043029681795804 0.9716661243881464 1.0068097409790089 1.0355916649446484 1.3324599571366358 1.468720235884347
125 1250 -0.6932819494480931 -0.1194419089288765 0.04414455037727132 0.14417057403857708 0.1600395301529453 0.44020882947160217 0.9043029681795804 0.9716661243881464 1.0068097409790089 1.0355916649446484 1.3324599571366358 1.468720235884347
126 1260 -0.6932819494480931 -0.1194419089288765 0.04414455037727132 0.14417057403857708 0.1600395301529453 0.44020882947160217 0.9043029681795804 0.9716661243881464 1.0068097409790089 1.0355916649446484 1.3324599571366358 1.468720235884347
127 1270 -0.6932819494480931 -0.1194419089288765 0.04414455037727132 0.14417057403857708 0.1600395301529453 0.44020882947160217 0.9043029681795804 0.9716661243881464 1.0068097409790089 1.0355916649446484 1.3324599571366358 1.468720235884347
128 1280 -0.6932819494480931 -0.1194419089288765 0.04414455037727132 0.14417057403857708 0.1600395301529453 0.44020882947160217 0.9043029681795804 0.9716661243881464 1.0068097409790089 1.0355916649446484 1.3324599571366358 1.468720235884347
129 1290 -0.7644506914785122 -0.12595749889024568 0.06801384041565682 0.24208730123391697 0.12787043494155043 0.4153642566598613 0.6907367462824322 0.9569042909965757 1.0114112563138289 1.1251579352462544 1.4011263395098625 1.4718187671892622
130 1300 -0.7644506914785122 -0.12595749889024568 0.06801384041565682 0.24208730123391697 0.12787043494155043 0.4153642566598613 0.6907367462824322 0.9569042909965757 1.0114112563138289 1.1251579352462544 1.4011263395098625 1.4718187671892622
131 1310 -0.7644506914785122 -0.12595749889024568 0.06801384041565682 0.24208730123391697 0.12787043494155043 0.4153642566598613 0.6907367462824322 0.9569042909965757 1.0114112563138289 1.1251579352462544 1.4011263395098625 1.4718187671892622
132 1320 -0.7644506914785122 -0.12595749889024568 0.06801384041565682 0.24208730123391697 0.12787043494155043 0.4153642566598613 0.6907367462824322 0.9569042909965757 1.0114112563138289 1.1251579352462544 1.4011263395098625 1.4718187671892622
133 1330 -0.7644506914785122 -0.12595749889024568 0.06801384041565682 0.24208730123391697 0.12787043494155043 0.4153642566598613 0.6907367462824322 0.9569042909965757 1.0114112563138289 1.1251579352462544 1.4011263395098625 1.4718187671892622
134 1340 -0.7644506914785122 -0.12595749889024568 0.06801384041565682 0.24208730123391697 0.12787043494155043 0.4153642566598613 0.6907367462824322 0.9569042909965757 1.0114112563138289 1.1251579352462544 1.4011263395098625 1.4718187671892622
135 1350 -0.7644506914785122 -0.12595749889024568 0.06801384041565682 0.24208730123391697 0.12787043494155043 0.4153642566598613 0.6907367462824322 0.9569042909965757 1.0114112563138289 1.1251579352462544 1.4011263395098625 1.4718187671892622
136 1360 -0.7644506914785122 -0.12595749889024568 0.06801384041565682 0.24208730123391697 0.12787043494155043 0.4153642566598613 0.6907367462824322 0.9569042909965757 1.0114112563138289 1.1251579352462544 1.4011263395098625 1.4718187671892622
137 1370 -0.7898427465351545 -0.18072207139109925 0.10392751670512913 0.2831886319569873 0.1495576595301115 0.39073505864622743 0.5834278065759796 0.8919157366283995 0.9719766632955555 1.1505405767346393 1.388856458245568 1.5784968860833093
138 1380 -0.7898427465351545 -0.18072207139109925 0.10392751670512913 0.2831886319569873 0.1495576595301115 0.39073505864622743 0.5834278065759796 0.8919157366283995 0.9719766632955555 1.1505405767346393 1.388856458245568 1.5784968860833093
139 1390 -0.7898427465351545 -0.18072207139109925 0.10392751670512913 0.2831886319569873 0.1495576595301115 0.39073505864622743 0.5834278065759796 0.8919157366283995 0.9719766632955555 1.1505405767346393 1.388856458245568 1.5784968860833093
140 1400 -0.7898427465351545 -0.18072207139109925 0.10392751670512913 0.2831886319569873 0.1495576595301115 0.39073505864622743 0.5834278065759796 0.8919157366283995 0.9719766632955555 1.1505405767346393 1.388856458245568 1.5784968860833093
141 1410 -0.7898427465351545 -0.18072207139109925 0.10392751670512913 0.2831886319569873 0.1495576595301115 0.39073505864622743 0.5834278065759796 0.8919157366283995 0.9719766632955555 1.1505405767346393 1.388856458245568 1.5784968860833093
142 1420 -0.7898427465351545 -0.18072207139109925 0.10392751670512913 0.2831886319569873 0.1495576595301115 0.39073505864622743 0.5834278065759796 0.8919157366283995 0.9719766632955555 1.1505405767346393 1.388856458245568 1.5784968860833093
143 1430 -0.7898427465351545 -0.18072207139109925 0.10392751670512913 0.2831886319569873 0.1495576595301115 0.39073505864622743 0.5834278065759796 0.8919157366283995 0.9719766632955555 1.1505405767346393 1.388856458245568 1.5784968860833093
144 1440 -0.7898427465351545 -0.18072207139109925 0.10392751670512913 0.2831886319569873 0.1495576595301115 0.39073505864622743 0.5834278065759796 0.8919157366283995 0.9719766632955555 1.1505405767346393 1.388856458245568 1.5784968860833093
145 1450 -0.8088162548966861 -0.24560808442805276 0.11300000413788368 0.3038610476290685 0.16082473662070282 0.37566742687400884 0.5625841844531504 0.8100496529624178 0.9452112868871095 1.2369780052694395 1.3401540660444582 1.625046491796697
146 1460 -0.8088162548966861 -0.24560808442805276 0.11300000413788368 0.3038610476290685 0.16082473662070282 0.37566742687400884 0.5625841844531504 0.8100496529624178 0.9452112868871095 1.2369780052694395 1.3401540660444582 1.625046491796697
147 1470 -0.8088162548966861 -0.24560808442805276 0.11300000413788368 0.3038610476290685 0.16082473662070282 0.37566742687400884 0.5625841844531504 0.8100496529624178 0.9452112868871095 1.2369780052694395 1.3401540660444582 1.625046491796697
148 1480 -0.8088162548966861 -0.24560808442805276 0.11300000413788368 0.3038610476290685 0.16082473662070282 0.37566742687400884 0.5625841844531504 0.8100496529624178 0.9452112868871095 1.2369780052694395 1.3401540660444582 1.625046491796697
149 1490 -0.8088162548966861 -0.24560808442805276 0.11300000413788368 0.3038610476290685 0.16082473662070282 0.37566742687400884 0.5625841844531504 0.8100496529624178 0.9452112868871095 1.2369780052694395 1.3401540660444582 1.625046491796697
150 1500 -0.8088162548966861 -0.24560808442805276 0.11300000413788368 0.3038610476290685 0.16082473662070282 0.37566742687400884 0.5625841844531504 0.8100496529624178 0.9452112868871095 1.2369780052694395 1.3401540660444582 1.625046491796697
151 1510 -0.8088162548966861 -0.24560808442805276 0.11300000413788368 0.3038610476290685 0.16082473662070282 0.37566742687400884 0.5625841844531504 0.8100496529624178 0.9452112868871095 1.2369780052694395 1.3401540660444582 1.625046491796697
152 1520 -0.8088162548966861 -0.24560808442805276 0.11300000413788368 0.3038610476290685 0.16082473662070282 0.37566742687400884 0.5625841844531504 0.8100496529624178 0.9452112868871095 1.2369780052694395 1.3401540660444582 1.625046491796697
153 1530 -0.7786423531033504 -0.27013978261019106 0.10954337797008307 0.23686695951317954 0.17304317171683495 0.33739730576450666 0.5497700330818107 0.7906659732109833 1.0555929758374702 1.236120119844664 1.3168546563641501 1.5976369052467612
154 1540 -0.7786423531033504 -0.27013978261019106 0.10954337797008307 0.23686695951317954 0.17304317171683495 0.33739730576450666 0.5497700330818107 0.7906659732109833 1.0555929758374702 1.236120119844664 1.3168546563641501 1.5976369052467612
155 1550 -0.7786423531033504 -0.27013978261019106 0.10954337797008307 0.23686695951317954 0.17304317171683495 0.33739730576450666 0.5497700330818107 0.7906659732109833 1.0555929758374702 1.236120119844664 1.3168546563641501 1.5976369052467612
156 1560 -0.7786423531033504 -0.27013978261019106 0.10954337797008307 0.23686695951317954 0.17304317171683495 0.33739730576450666 0.5497700330818107 0.7906659732109833 1.0555929758374702 1.236120119844664 1.3168546563641501 1.5976369052467612
157 1570 -0.7786423531033504 -0.27013978261019106 0.10954337797008307 0.23686695951317954 0.17304317171683495 0.33739730576450666 0.5497700330818107 0.7906659732109833 1.0555929758374702 1.236120119844664 1.3168546563641501 1.5976369052467612
158 1580 -0.7786423531033504 -0.27013978261019106 0.10954337797008307 0.23686695951317954 0.17304317171683495 0.33739730576450666 0.5497700330818107 0.7906659732109833 1.0555929758374702 1.236120119844664 1.3168546563641501 1.5976369052467612
159 1590 -0.7786423531033504 -0.27013978261019106 0.10954337797008307 0.23686695951317954 0.17304317171683495 0.33739730576450666 0.5497700330818107 0.7906659732109833 1.0555929758374702 1.236120119844664 1.3168546563641501 1.5976369052467612
160 1600 -0.7786423531033504 -0.27013978261019106 0.10954337797008307 0.23686695951317954 0.17304317171683495 0.33739730576450666 0.5497700330818107 0.7906659732109833 1.0555929758374702 1.236120119844664 1.3168546563641501 1.5976369052467612
161 1610 -0.716676685726652 -0.3415703596564801 0.13990915679134003 0.2460940508559761 0.1707828421521783 0.35796107316086284 0.6015878161633328 0.7765967260113122 0.9794896191588063 1.1744592611488271 1.3784709398517667 1.6244230093686691
162 1620 -0.716676685726652 -0.3415703596564801 0.13990915679134003 0.2460940508559761 0.1707828421521783 0.35796107316086284 0.6015878161633328 0.7765967260113122 0.9794896191588063 1.1744592611488271 1.3784709398517667 1.6244230093686691
163 1630 -0.716676685726652 -0.3415703596564801 0.13990915679134003 0.2460940508559761 0.1707828421521783 0.35796107316086284 0.6015878161633328 0.7765967260113122 0.9794896191588063 1.1744592611488271 1.3784709398517667 1.6244230093686691
164 1640 -0.716676685726652 -0.3415703596564801 0.13990915679134003 0.2460940508559761 0.1707828421521783 0.35796107316086284 0.6015878161633328 0.7765967260113122 0.9794896191588063 1.1744592611488271 1.3784709398517667 1.6244230093686691
165 1650 -0.716676685726652 -0.3415703596564801 0.13990915679134003 0.2460940508559761 0.1707828421521783 0.35796107316086284 0.6015878161633328 0.7765967260113122 0.9794896191588063 1.1744592611488271 1.3784709398517667 1.6244230093686691
166 1660 -0.716676685726652 -0.3415703596564801 0.13990915679134003 0.2460940508559761 0.1707828421521783 0.35796107316086284 0.6015878161633328 0.7765967260113122 0.9794896191588063 1.1744592611488271 1.3784709398517667 1.6244230093686691
167 1670 -0.716676685726652 -0.3415703596564801 0.13990915679134003 0.2460940508559761 0.1707828421521783 0.35796107316086284 0.6015878161633328 0.7765967260113122 0.9794896191588063 1.1744592611488271 1.3784709398517667 1.6244230093686691
168 1680 -0.716676685726652 -0.3415703596564801 0.13990915679134003 0.2460940508559761 0.1707828421521783 0.35796107316086284 0.6015878161633328 0.7765967260113122 0.9794896191588063 1.1744592611488271 1.3784709398517667 1.6244230093686691
169 1690 -0.7173310179442209 -0.35674574184554136 0.12506039971361194 0.26956063231622646 0.16289985398752752 0.3663398651630416 0.5732455279260128 0.8825249969342303 0.9563000141464983 1.1861141061894973 1.3480184712963883 1.6103626133103295
170 1700 -0.7173310179442209 -0.35674574184554136 0.12506039971361194 0.26956063231622646 0.16289985398752752 0.3663398651630416 0.5732455279260128 0.8825249969342303 0.9563000141464983 1.1861141061894973 1.3480184712963883 1.6103626133103295
171 1710 -0.7173310179442209 -0.35674574184554136 0.12506039971361194 0.26956063231622646 0.16289985398752752 0.3663398651630416 0.5732455279260128 0.8825249969342303 0.9563000141464983 1.1861141061894973 1.3480184712963883 1.6103626133103295
172 1720 -0.7173310179442209 -0.35674574184554136 0.12506039971361194 0.26956063231622646 0.16289985398752752 0.3663398651630416 0.5732455279260128 0.8825249969342303 0.9563000141464983 1.1861141061894973 1.3480184712963883 1.6103626133103295
173 1730 -0.7173310179442209 -0.35674574184554136 0.12506039971361194 0.26956063231622646 0.16289985398752752 0.3663398651630416 0.5732455279260128 0.8825249969342303 0.9563000141464983 1.1861141061894973 1.3480184712963883 1.6103626133103295
174 1740 -0.7173310179442209 -0.35674574184554136 0.12506039971361194 0.26956063231622646 0.16289985398752752 0.3663398651630416 0.5732455279260128 0.8825249969342303 0.9563000141464983 1.1861141061894973 1.3480184712963883 1.6103626133103295
175 1750 -0.7173310179442209 -0.35674574184554136 0.12506039971361194 0.26956063231622646 0.16289985398752752 0.3663398651630416 0.5732455279260128 0.8825249969342303 0.9563000141464983 1.1861141061894973 1.3480184712963883 1.6103626133103295
176 1760 -0.7173310179442209 -0.35674574184554136 0.12506039971361194 0.26956063231622646 0.16289985398752752 0.3663398651630416 0.5732455279260128 0.8825249969342303 0.9563000141464983 1.1861141061894973 1.3480184712963883 1.6103626133103295
177 1770 -0.7252836456784411 -0.2885505891475274 0.06874615911683246 0.2660974247253802 0.14101316486337434 0.36803117539110375 0.5200389910785086 0.8658288105515451 1.0520716792674178 1.1970981864622365 1.3584728738714444 1.5618005072544057
178 1780 -0.7252836456784411 -0.2885505891475274 0.06874615911683246 0.2660974247253802 0.14101316486337434 0.36803117539110375 0.5200389910785086 0.8658288105515451 1.0520716792674178 1.1970981864622365 1.3584728738714444 1.5618005072544057
179 1790 -0.7252836456784411 -0.2885505891475274 0.06874615911683246 0.2660974247253802 0.14101316486337434 0.36803117539110375 0.5200389910785086 0.8658288105515451 1.0520716792674178 1.1970981864622365 1.3584728738714444 1.5618005072544057
180 1800 -0.7252836456784411 -0.2885505891475274 0.06874615911683246 0.2660974247253802 0.14101316486337434 0.36803117539110375 0.5200389910785086 0.8658288105515451 1.0520716792674178 1.1970981864622365 1.3584728738714444 1.5618005072544057
181 1810 -0.7252836456784411 -0.2885505891475274 0.06874615911683246 0.2660974247253802 0.14101316486337434 0.36803117539110375 0.5200389910785086 0.8658288105515451 1.0520716792674178 1.1970981864622365 1.3584728738714444 1.5618005072544057
182 1820 -0.7252836456784411 -0.2885505891475274 0.06874615911683246 0.2660974247253802 0.14101316486337434 0.36803117539110375 0.5200389910785086 0.8658288105515451 1.0520716792674178 1.1970981864622365 1.3584728738714444 1.5618005072544057
183 1830 -0.7252836456784411 -0.2885505891475274 0.06874615911683246 0.2660974247253802 0.14101316486337434 0.36803117539110375 0.5200389910785086 0.8658288105515451 1.0520716792674178 1.1970981864622365 1.3584728738714444 1.5618005072544057
184 1840 -0.7252836456784411 -0.2885505891475274 0.06874615911683246 0.2660974247253802 0.14101316486337434 0.36803117539110375 0.5200389910785086 0.8658288105515451 1.0520716792674178 1.1970981864622365 1.3584728738714444 1.5618005072544057
185 1850 -0.7201763690572329 -0.386289790669995 0.07985107941649347 0.3603924140564386 0.14239217636064586 0.3191237301594694 0.4732195366316311 0.696791895877705 1.1370157259611409 1.235482270916332 1.378481513141745 1.5649269478300303
186 1860 -0.7201763690572329 -0.386289790669995 0.07985107941649347 0.3603924140564386 0.14239217636064586 0.3191237301594694 0.4732195366316311 0.696791895877705 1.1370157259611409 1.235482270916332 1.378481513141745 1.5649269478300303
187 1870 -0.7201763690572329 -0.386289790669995 0.07985107941649347 0.3603924140564386 0.14239217636064586 0.3191237301594694 0.4732195366316311 0.696791895877705 1.1370157259611409 1.235482270916332 1.378481513141745 1.5649269478300303
188 1880 -0.7201763690572329 -0.386289790669995 0.07985107941649347 0.3603924140564386 0.14239217636064586 0.3191237301594694 0.4732195366316311 0.696791895877705 1.1370157259611409 1.235482270916332 1.378481513141745 1.5649269478300303
189 1890 -0.7201763690572329 -0.386289790669995 0.07985107941649347 0.3603924140564386 0.14239217636064586 0.3191237301594694 0.4732195366316311 0.696791895877705 1.1370157259611409 1.235482270916332 1.378481513141745 1.5649269478300303
190 1900 -0.7201763690572329 -0.386289790669995 0.07985107941649347 0.3603924140564386 0.14239217636064586 0.3191237301594694 0.4732195366316311 0.696791895877705 1.1370157259611409 1.235482270916332 1.378481513141745 1.5649269478300303
191 1910 -0.7201763690572329 -0.386289790669995 0.07985107941649347 0.3603924140564386 0.14239217636064586 0.3191237301594694 0.4732195366316311 0.696791895877705 1.1370157259611409 1.235482270916332 1.378481513141745 1.5649269478300303
192 1920 -0.7201763690572329 -0.386289790669995 0.07985107941649347 0.3603924140564386 0.14239217636064586 0.3191237301594694 0.4732195366316311 0.696791895877705 1.1370157259611409 1.235482270916332 1.378481513141745 1.5649269478300303
193 1930 -0.8156980888483674 -0.334417135567686 0.06060759420686861 0.30932189222625145 0.12623773342965589 0.32467741532417344 0.46105436387324833 0.7153576330830724 1.0864895265101373 1.2278920088503367 1.4357320355200252 1.5507534254506623
194 1940 -0.8156980888483674 -0.334417135567686 0.06060759420686861 0.30932189222625145 0.12623773342965589 0.32467741532417344 0.46105436387324833 0.7153576330830724 1.0864895265101373 1.2278920088503367 1.4357320355200252 1.5507534254506623
195 1950 -0.8156980888483674 -0.334417135567686 0.06060759420686861 0.30932189222625145 0.12623773342965589 0.32467741532417344 0.46105436387324833 0.7153576330830724 1.0864895265101373 1.2278920088503367 1.4357320355200252 1.5507534254506623
196 1960 -0.8156980888483674 -0.334417135567686 0.06060759420686861 0.30932189222625145 0.12623773342965589 0.32467741532417344 0.46105436387324833 0.7153576330830724 1.0864895265101373 1.2278920088503367 1.4357320355200252 1.5507534254506623
197 1970 -0.8156980888483674 -0.334417135567686 0.06060759420686861 0.30932189222625145 0.12623773342965589 0.32467741532417344 0.46105436387324833 0.7153576330830724 1.0864895265101373 1.2278920088503367 1.4357320355200252 1.5507534254506623
198 1980 -0.8156980888483674 -0.334417135567686 0.06060759420686861 0.30932189222625145 0.12623773342965589 0.32467741532417344 0.46105436387324833 0.7153576330830724 1.0864895265101373 1.2278920088503367 1.4357320355200252 1.5507534254506623
199 1990 -0.8156980888483674 -0.334417135567686 0.06060759420686861 0.30932189222625145 0.12623773342965589 0.32467741532417344 0.46105436387324833 0.7153576330830724 1.0864895265101373 1.2278920088503367 1.4357320355200252 1.5507534254506623
200 2000 -0.8156980888483674 -0.334417135567686 0.06060759420686861 0.30932189222625145 0.12623773342965589 0.32467741532417344 0.46105436387324833 0.7153576330830724 1.0864895265101373 1.2278920088503367 1.4357320355200252 1.5507534254506623
201 2010 -0.8137580245527443 -0.37142089835477154 0.10158314409252181 0.38190322536540466 0.1332581109511983 0.312989293009758 0.49795611332760126 0.7504019733801509 1.0938429118364086 1.1375796077370697 1.4046694658108356 1.6154072483366346
202 2020 -0.8137580245527443 -0.37142089835477154 0.10158314409252181 0.38190322536540466 0.1332581109511983 0.312989293009758 0.49795611332760126 0.7504019733801509 1.0938429118364086 1.1375796077370697 1.4046694658108356 1.6154072483366346
203 2030 -0.8137580245527443 -0.37142089835477154 0.10158314409252181 0.38190322536540466 0.1332581109511983 0.312989293009758 0.49795611332760126 0.7504019733801509 1.0938429118364086 1.1375796077370697 1.4046694658108356 1.6154072483366346
204 2040 -0.8137580245527443 -0.37142089835477154 0.10158314409252181 0.38190322536540466 0.1332581109511983 0.312989293009758 0.49795611332760126 0.7504019733801509 1.0938429118364086 1.1375796077370697 1.4046694658108356 1.6154072483366346
205 2050 -0.8137580245527443 -0.37142089835477154 0.10158314409252181 0.38190322536540466 0.1332581109511983 0.312989293009758 0.49795611332760126 0.7504019733801509 1.0938429118364086 1.1375796077370697 1.4046694658108356 1.6154072483366346
206 2060 -0.8137580245527443 -0.37142089835477154 0.10158314409252181 0.38190322536540466 0.1332581109511983 0.312989293009758 0.49795611332760126 0.7504019733801509 1.0938429118364086 1.1375796077370697 1.4046694658108356 1.6154072483366346
207 2070 -0.8137580245527443 -0.37142089835477154 0.10158314409252181 0.38190322536540466 0.1332581109511983 0.312989293009758 0.49795611332760126 0.7504019733801509 1.0938429118364086 1.1375796077370697 1.4046694658108356 1.6154072483366346
208 2080 -0.8137580245527443 -0.37142089835477154 0.10158314409252181 0.38190322536540466 0.1332581109511983 0.312989293009758 0.49795611332760126 0.7504019733801509 1.0938429118364086 1.1375796077370697 1.4046694658108356 1.6154072483366346
209 2090 -0.8166962192387706 -0.44371726784932763 0.14766153763025847 0.33585383717661743 0.11643395118251339 0.3235774471505705 0.48777204383496664 0.8119222674808421 0.9619714402485969 1.0441215455408583 1.5090003263388014 1.6407134414400877
210 2100 -0.8166962192387706 -0.44371726784932763 0.14766153763025847 0.33585383717661743 0.11643395118251339 0.3235774471505705 0.48777204383496664 0.8119222674808421 0.9619714402485969 1.0441215455408583 1.5090003263388014 1.6407134414400877
211 2110 -0.8166962192387706 -0.44371726784932763 0.14766153763025847 0.33585383717661743 0.11643395118251339 0.3235774471505705 0.48777204383496664 0.8119222674808421 0.9619714402485969 1.0441215455408583 1.5090003263388014 1.6407134414400877
212 2120 -0.8166962192387706 -0.44371726784932763 0.14766153763025847 0.33585383717661743 0.11643395118251339 0.3235774471505705 0.48777204383496664 0.8119222674808421 0.9619714402485969 1.0441215455408583 1.5090003263388014 1.6407134414400877
213 2130 -0.8166962192387706 -0.44371726784932763 0.14766153763025847 0.33585383717661743 0.11643395118251339 0.3235774471505705 0.48777204383496664 0.8119222674808421 0.9619714402485969 1.0441215455408583 1.5090003263388014 1.6407134414400877
214 2140 -0.8166962192387706 -0.44371726784932763 0.14766153763025847 0.33585383717661743 0.11643395118251339 0.3235774471505705 0.48777204383496664 0.8119222674808421 0.9619714402485969 1.0441215455408583 1.5090003263388014 1.6407134414400877
215 2150 -0.8166962192387706 -0.44371726784932763 0.14766153763025847 0.33585383717661743 0.11643395118251339 0.3235774471505705 0.48777204383496664 0.8119222674808421 0.9619714402485969 1.0441215455408583 1.5090003263388014 1.6407134414400877
216 2160 -0.8166962192387706 -0.44371726784932763 0.14766153763025847 0.33585383717661743 0.11643395118251339 0.3235774471505705 0.48777204383496664 0.8119222674808421 0.9619714402485969 1.0441215455408583 1.5090003263388014 1.6407134414400877
217 2170 -0.8766824476945052 -0.3423077305100503 0.10013418314794724 0.3816334143059639 0.11896823822827732 0.3393643156412722 0.5124443609215835 0.8262469820532169 1.0604268730628217 1.0637989811765824 1.4076460859156619 1.6394371572311033
218 2180 -0.8766824476945052 -0.3423077305100503 0.10013418314794724 0.3816334143059639 0.11896823822827732 0.3393643156412722 0.5124443609215835 0.8262469820532169 1.0604268730628217 1.0637989811765824 1.4076460859156619 1.6394371572311033
219 2190 -0.8766824476945052 -0.3423077305100503 0.10013418314794724 0.3816334143059639 0.11896823822827732 0.3393643156412722 0.5124443609215835 0.8262469820532169 1.0604268730628217 1.0637989811765824 1.4076460859156619 1.6394371572311033
220 2200 -0.8766824476945052 -0.3423077305100503 0.10013418314794724 0.3816334143059639 0.11896823822827732 0.3393643156412722 0.5124443609215835 0.8262469820532169 1.0604268730628217 1.0637989811765824 1.4076460859156619 1.6394371572311033
221 2210 -0.8766824476945052 -0.3423077305100503 0.10013418314794724 0.3816334143059639 0.11896823822827732 0.3393643156412722 0.5124443609215835 0.8262469820532169 1.0604268730628217 1.0637989811765824 1.4076460859156619 1.6394371572311033
222 2220 -0.8766824476945052 -0.3423077305100503 0.10013418314794724 0.3816334143059639 0.11896823822827732 0.3393643156412722 0.5124443609215835 0.8262469820532169 1.0604268730628217 1.0637989811765824 1.4076460859156619 1.6394371572311033
223 2230 -0.8766824476945052 -0.3423077305100503 0.10013418314794724 0.3816334143059639 0.11896823822827732 0.3393643156412722 0.5124443609215835 0.8262469820532169 1.0604268730628217 1.0637989811765824 1.4076460859156619 1.6394371572311033
224 2240 -0.8766824476945052 -0.3423077305100503 0.10013418314794724 0.3816334143059639 0.11896823822827732 0.3393643156412722 0.5124443609215835 0.8262469820532169 1.0604268730628217 1.0637989811765824 1.4076460859156619 1.6394371572311033
225 2250 -0.8438231395767408 -0.31796071397385217 0.09561028599532437 0.3302615929815945 0.11717167104094958 0.33168169365867994 0.5433813102550076 0.7931674518861674 1.0472479794094731 1.1067925452938467 1.3893995843852527 1.6430857934830931
226 2260 -0.8438231395767408 -0.31796071397385217 0.09561028599532437 0.3302615929815945 0.11717167104094958 0.33168169365867994 0.5433813102550076 0.7931674518861674 1.0472479794094731 1.1067925452938467 1.3893995843852527 1.6430857934830931
227 2270 -0.8438231395767408 -0.31796071397385217 0.09561028599532437 0.3302615929815945 0.11717167104094958 0.33168169365867994 0.5433813102550076 0.7931674518861674 1.0472479794094731 1.1067925452938467 1.3893995843852527 1.6430857934830931
228 2280 -0.8438231395767408 -0.31796071397385217 0.09561028599532437 0.3302615929815945 0.11717167104094958 0.33168169365867994 0.5433813102550076 0.7931674518861674 1.0472479794094731 1.1067925452938467 1.3893995843852527 1.6430857934830931
229 2290 -0.8438231395767408 -0.31796071397385217 0.09561028599532437 0.3302615929815945 0.11717167104094958 0.33168169365867994 0.5433813102550076 0.7931674518861674 1.0472479794094731 1.1067925452938467 1.3893995843852527 1.6430857934830931
230 2300 -0.8438231395767408 -0.31796071397385217 0.09561028599532437 0.3302615929815945 0.11717167104094958 0.33168169365867994 0.5433813102550076 0.7931674518861674 1.0472479794094731 1.1067925452938467 1.3893995843852527 1.6430857934830931
231 2310 -0.8438231395767408 -0.31796071397385217 0.09561028599532437 0.3302615929815945 0.11717167104094958 0.33168169365867994 0.5433813102550076 0.7931674518861674 1.0472479794094731 1.1067925452938467 1.3893995843852527 1.6430857934830931
232 2320 -0.8438231395767408 -0.31796071397385217 0.09561028599532437 0.3302615929815945 0.11717167104094958 0.33168169365867994 0.5433813102550076 0.7931674518861674 1.0472479794094731 1.1067925452938467 1.3893995843852527 1.6430857934830931
233 2330 -0.7870200153510958 -0.3048889530720509 0.12389424670752239 0.34340099707826355 0.11681617052553729 0.32627948931784684 0.582451205106889 0.8017923336822985 1.0553895850323944 1.1230931981092132 1.3645211002516762 1.6311566398129849
234 2340 -0.7870200153510958 -0.3048889530720509 0.12389424670752239 0.34340099707826355 0.11681617052553729 0.32627948931784684 0.582451205106889 0.8017923336822985 1.0553895850323944 1.1230931981092132 1.3645211002516762 1.6311566398129849
235 2350 -0.7870200153510958 -0.3048889530720509 0.12389424670752239 0.34340099707826355 0.11681617052553729 0.32627948931784684 0.582451205106889 0.8017923336822985 1.0553895850323944 1.1230931981092132 1.3645211002516762 1.6311566398129849
236 2360 -0.7870200153510958 -0.3048889530720509 0.12389424670752239 0.34340099707826355 0.11681617052553729 0.32627948931784684 0.582451205106889 0.8017923336822985 1.0553895850323944 1.1230931981092132 1.3645211002516762 1.6311566398129849
237 2370 -0.7870200153510958 -0.3048889530720509 0.12389424670752239 0.34340099707826355 0.11681617052553729 0.32627948931784684 0.582451205106889 0.8017923336822985 1.0553895850323944 1.1230931981092132 1.3645211002516762 1.6311566398129849
238 2380 -0.7870200153510958 -0.3048889530720509 0.12389424670752239 0.34340099707826355 0.11681617052553729 0.32627948931784684 0.582451205106889 0.8017923336822985 1.0553895850323944 1.1230931981092132 1.3645211002516762 1.6311566398129849
239 2390 -0.7870200153510958 -0.3048889530720509 0.12389424670752239 0.34340099707826355 0.11681617052553729 0.32627948931784684 0.582451205106889 0.8017923336822985 1.0553895850323944 1.1230931981092132 1.3645211002516762 1.6311566398129849
240 2400 -0.7870200153510958 -0.3048889530720509 0.12389424670752239 0.34340099707826355 0.11681617052553729 0.32627948931784684 0.582451205106889 0.8017923336822985 1.0553895850323944 1.1230931981092132 1.3645211002516762 1.6311566398129849
241 2410 -0.7952444950240838 -0.2797730013142945 0.05298243003201306 0.34994365916166714 0.10470742710984488 0.37111434496070084 0.551005137486589 0.7734007957535501 1.0409250045484841 1.1842694907737994 1.4198912447706942 1.5644311446705537
242 2420 -0.7952444950240838 -0.2797730013142945 0.05298243003201306 0.34994365916166714 0.10470742710984488 0.37111434496070084 0.551005137486589 0.7734007957535501 1.0409250045484841 1.1842694907737994 1.4198912447706942 1.5644311446705537
243 2430 -0.7952444950240838 -0.2797730013142945 0.05298243003201306 0.34994365916166714 0.10470742710984488 0.37111434496070084 0.551005137486589 0.7734007957535501 1.0409250045484841 1.1842694907737994 1.4198912447706942 1.5644311446705537
244 2440 -0.7952444950240838 -0.2797730013142945 0.05298243003201306 0.34994365916166714 0.10470742710984488 0.37111434496070084 0.551005137486589 0.7734007957535501 1.0409250045484841 1.1842694907737994 1.4198912447706942 1.5644311446705537
245 2450 -0.7952444950240838 -0.2797730013142945 0.05298243003201306 0.34994365916166714 0.10470742710984488 0.37111434496070084 0.551005137486589 0.7734007957535501 1.0409250045484841 1.1842694907737994 1.4198912447706942 1.5644311446705537
246 2460 -0.7952444950240838 -0.2797730013142945 0.05298243003201306 0.34994365916166714 0.10470742710984488 0.37111434496070084 0.551005137486589 0.7734007957535501 1.0409250045484841 1.1842694907737994 1.4198912447706942 1.5644311446705537
247 2470 -0.7952444950240838 -0.2797730013142945 0.05298243003201306 0.34994365916166714 0.10470742710984488 0.37111434496070084 0.551005137486589 0.7734007957535501 1.0409250045484841 1.1842694907737994 1.4198912447706942 1.5644311446705537
248 2480 -0.7952444950240838 -0.2797730013142945 0.05298243003201306 0.34994365916166714 0.10470742710984488 0.37111434496070084 0.551005137486589 0.7734007957535501 1.0409250045484841 1.1842694907737994 1.4198912447706942 1.5644311446705537
249 2490 -0.7309081714035097 -0.2375272930634563 0.030985436525457627 0.2481605889957118 0.10814938896232555 0.41000325920390296 0.5580322906222734 0.8314242939414402 1.1045142497408185 1.199318840986746 1.3984899154723347 1.4843999424925742
250 2500 -0.7309081714035097 -0.2375272930634563 0.030985436525457627 0.2481605889957118 0.10814938896232555 0.41000325920390296 0.5580322906222734 0.8314242939414402 1.1045142497408185 1.199318840986746 1.3984899154723347 1.4843999424925742
251 2510 -0.7309081714035097 -0.2375272930634563 0.030985436525457627 0.2481605889957118 0.10814938896232555 0.41000325920390296 0.5580322906222734 0.8314242939414402 1.1045142497408185 1.199318840986746 1.3984899154723347 1.4843999424925742
252 2520 -0.7309081714035097 -0.2375272930634563 0.030985436525457627 0.2481605889957118 0.10814938896232555 0.41000325920390296 0.5580322906222734 0.8314242939414402 1.1045142497408185 1.199318840986746 1.3984899154723347 1.4843999424925742
253 2530 -0.7309081714035097 -0.2375272930634563 0.030985436525457627 0.2481605889957118 0.10814938896232555 0.41000325920390296 0.5580322906222734 0.8314242939414402 1.1045142497408185 1.199318840986746 1.3984899154723347 1.4843999424925742
254 2540 -0.7309081714035097 -0.2375272930634563 0.030985436525457627 0.2481605889957118 0.10814938896232555 0.41000325920390296 0.5580322906222734 0.8314242939414402 1.1045142497408185 1.199318840986746 1.3984899154723347 1.4843999424925742
255 2550 -0.7309081714035097 -0.2375272930634563 0.030985436525457627 0.2481605889957118 0.10814938896232555 0.41000325920390296 0.5580322906222734 0.8314242939414402 1.1045142497408185 1.199318840986746 1.3984899154723347 1.4843999424925742
256 2560 -0.7309081714035097 -0.2375272930634563 0.030985436525457627 0.2481605889957118 0.10814938896232555 0.41000325920390296 0.5580322906222734 0.8314242939414402 1.1045142497408185 1.199318840986746 1.3984899154723347 1.4843999424925742
257 2570 -0.7422212153176109 -0.26509896713498454 0.04279760974262303 0.2478146414243571 0.09237812400416401 0.3872501105600005 0.5819052753305056 0.8594736687365004 1.1186706456809583 1.2101199153922242 1.390233942511781 1.4545206287017396
258 2580 -0.7422212153176109 -0.26509896713498454 0.04279760974262303 0.2478146414243571 0.09237812400416401 0.3872501105600005 0.5819052753305056 0.8594736687365004 1.1186706456809583 1.2101199153922242 1.390233942511781 1.4545206287017396
259 2590 -0.7422212153176109 -0.26509896713498454 0.04279760974262303 0.2478146414243571 0.09237812400416401 0.3872501105600005 0.5819052753305056 0.8594736687365004 1.1186706456809583 1.2101199153922242 1.390233942511781 1.4545206287017396
260 2600 -0.7422212153176109 -0.26509896713498454 0.04279760974262303 0.2478146414243571 0.09237812400416401 0.3872501105600005 0.5819052753305056 0.8594736687365004 1.1186706456809583 1.2101199153922242 1.390233942511781 1.4545206287017396
261 2610 -0.7422212153176109 -0.26509896713498454 0.04279760974262303 0.2478146414243571 0.09237812400416401 0.3872501105600005 0.5819052753305056 0.8594736687365004 1.1186706456809583 1.2101199153922242 1.390233942511781 1.4545206287017396
262 2620 -0.7422212153176109 -0.26509896713498454 0.04279760974262303 0.2478146414243571 0.09237812400416401 0.3872501105600005 0.5819052753305056 0.8594736687365004 1.1186706456809583 1.2101199153922242 1.390233942511781 1.4545206287017396
263 2630 -0.7422212153176109 -0.26509896713498454 0.04279760974262303 0.2478146414243571 0.09237812400416401 0.3872501105600005 0.5819052753305056 0.8594736687365004 1.1186706456809583 1.2101199153922242 1.390233942511781 1.4545206287017396
264 2640 -0.7422212153176109 -0.26509896713498454 0.04279760974262303 0.2478146414243571 0.09237812400416401 0.3872501105600005 0.5819052753305056 0.8594736687365004 1.1186706456809583 1.2101199153922242 1.390233942511781 1.4545206287017396
265 2650 -0.8306245083351183 -0.24748517638805667 0.07033242144572441 0.2188646963672721 0.07448138783361744 0.37986567933406623 0.5637066890767727 0.8078456507385556 1.1306142354898765 1.1794485513124762 1.3696078520052524 1.5279272426537363
266 2660 -0.8306245083351183 -0.24748517638805667 0.07033242144572441 0.2188646963672721 0.07448138783361744 0.37986567933406623 0.5637066890767727 0.8078456507385556 1.1306142354898765 1.1794485513124762 1.3696078520052524 1.5279272426537363
267 2670 -0.8306245083351183 -0.24748517638805667 0.07033242144572441 0.2188646963672721 0.07448138783361744 0.37986567933406623 0.5637066890767727 0.8078456507385556 1.1306142354898765 1.1794485513124762 1.3696078520052524 1.5279272426537363
268 2680 -0.8306245083351183 -0.24748517638805667 0.07033242144572441 0.2188646963672721 0.07448138783361744 0.37986567933406623 0.5637066890767727 0.8078456507385556 1.1306142354898765 1.1794485513124762 1.3696078520052524 1.5279272426537363
269 2690 -0.8306245083351183 -0.24748517638805667 0.07033242144572441 0.2188646963672721 0.07448138783361744 0.37986567933406623 0.5637066890767727 0.8078456507385556 1.1306142354898765 1.1794485513124762 1.3696078520052524 1.5279272426537363
270 2700 -0.8306245083351183 -0.24748517638805667 0.07033242144572441 0.2188646963672721 0.07448138783361744 0.37986567933406623 0.5637066890767727 0.8078456507385556 1.1306142354898765 1.1794485513124762 1.3696078520052524 1.5279272426537363
271 2710 -0.8306245083351183 -0.24748517638805667 0.07033242144572441 0.2188646963672721 0.07448138783361744 0.37986567933406623 0.5637066890767727 0.8078456507385556 1.1306142354898765 1.1794485513124762 1.3696078520052524 1.5279272426537363
272 2720 -0.8306245083351183 -0.24748517638805667 0.07033242144572441 0.2188646963672721 0.07448138783361744 0.37986567933406623 0.5637066890767727 0.8078456507385556 1.1306142354898765 1.1794485513124762 1.3696078520052524 1.5279272426537363
273 2730 -0.8785905710845967 -0.26047419229179336 0.04533758255062695 0.28879322208737335 0.08256928290395014 0.37325130048413074 0.5637452598718492 0.8467570094201572 1.1049380691497885 1.1693753994148517 1.3206984262932913 1.576860277434499
274 2740 -0.8785905710845967 -0.26047419229179336 0.04533758255062695 0.28879322208737335 0.08256928290395014 0.37325130048413074 0.5637452598718492 0.8467570094201572 1.1049380691497885 1.1693753994148517 1.3206984262932913 1.576860277434499
275 2750 -0.8785905710845967 -0.26047419229179336 0.04533758255062695 0.28879322208737335 0.08256928290395014 0.37325130048413074 0.5637452598718492 0.8467570094201572 1.1049380691497885 1.1693753994148517 1.3206984262932913 1.576860277434499
276 2760 -0.8785905710845967 -0.26047419229179336 0.04533758255062695 0.28879322208737335 0.08256928290395014 0.37325130048413074 0.5637452598718492 0.8467570094201572 1.1049380691497885 1.1693753994148517 1.3206984262932913 1.576860277434499
277 2770 -0.8785905710845967 -0.26047419229179336 0.04533758255062695 0.28879322208737335 0.08256928290395014 0.37325130048413074 0.5637452598718492 0.8467570094201572 1.1049380691497885 1.1693753994148517 1.3206984262932913 1.576860277434499
278 2780 -0.8785905710845967 -0.26047419229179336 0.04533758255062695 0.28879322208737335 0.08256928290395014 0.37325130048413074 0.5637452598718492 0.8467570094201572 1.1049380691497885 1.1693753994148517 1.3206984262932913 1.576860277434499
279 2790 -0.8785905710845967 -0.26047419229179336 0.04533758255062695 0.28879322208737335 0.08256928290395014 0.37325130048413074 0.5637452598718492 0.8467570094201572 1.1049380691497885 1.1693753994148517 1.3206984262932913 1.576860277434499
280 2800 -0.8785905710845967 -0.26047419229179336 0.04533758255062695 0.28879322208737335 0.08256928290395014 0.37325130048413074 0.5637452598718492 0.8467570094201572 1.1049380691497885 1.1693753994148517 1.3206984262932913 1.576860277434499
281 2810 -0.8711896458423698 -0.24984222883252222 0.0781512384702362 0.2954012764172512 0.06330662490454131 0.42437275962046483 0.5638043654220826 0.9151533981496751 1.11495676662725 1.1861166582309615 1.299468842911053 1.5237776528890117
282 2820 -0.8711896458423698 -0.24984222883252222 0.0781512384702362 0.2954012764172512 0.06330662490454131 0.42437275962046483 0.5638043654220826 0.9151533981496751 1.11495676662725 1.1861166582309615 1.299468842911053 1.5237776528890117
283 2830 -0.8711896458423698 -0.24984222883252222 0.0781512384702362 0.2954012764172512 0.06330662490454131 0.42437275962046483 0.5638043654220826 0.9151533981496751 1.11495676662725 1.1861166582309615 1.299468842911053 1.5237776528890117
284 2840 -0.8711896458423698 -0.24984222883252222 0.0781512384702362 0.2954012764172512 0.06330662490454131 0.42437275962046483 0.5638043654220826 0.9151533981496751 1.11495676662725 1.1861166582309615 1.299468842911053 1.5237776528890117
285 2850 -0.8711896458423698 -0.24984222883252222 0.0781512384702362 0.2954012764172512 0.06330662490454131 0.42437275962046483 0.5638043654220826 0.9151533981496751 1.11495676662725 1.1861166582309615 1.299468842911053 1.5237776528890117
286 2860 -0.8711896458423698 -0.24984222883252222 0.0781512384702362 0.2954012764172512 0.06330662490454131 0.42437275962046483 0.5638043654220826 0.9151533981496751 1.11495676662725 1.1861166582309615 1.299468842911053 1.5237776528890117
287 2870 -0.8711896458423698 -0.24984222883252222 0.0781512384702362 0.2954012764172512 0.06330662490454131 0.42437275962046483 0.5638043654220826 0.9151533981496751 1.11495676662725 1.1861166582309615 1.299468842911053 1.5237776528890117
288 2880 -0.8711896458423698 -0.24984222883252222 0.0781512384702362 0.2954012764172512 0.06330662490454131 0.42437275962046483 0.5638043654220826 0.9151533981496751 1.11495676662725 1.1861166582309615 1.299468842911053 1.5237776528890117
289 2890 -0.8917721703050537 -0.28780631726523553 0.04100358028810351 0.22043622422109488 0.05956864386797381 0.45445264171380517 0.6040516109859585 0.9043527775531865 1.1460915852787366 1.187204528595714 1.3500808696082087 1.4357900992335964
290 2900 -0.8917721703050537 -0.28780631726523553 0.04100358028810351 0.22043622422109488 0.05956864386797381 0.45445264171380517 0.6040516109859585 0.9043527775531865 1.1460915852787366 1.187204528595714 1.3500808696082087 1.4357900992335964
291 2910 -0.8917721703050537 -0.28780631726523553 0.04100358028810351 0.22043622422109488 0.05956864386797381 0.45445264171380517 0.6040516109859585 0.9043527775531865 1.1460915852787366 1.187204528595714 1.3500808696082087 1.4357900992335964
292 2920 -0.8917721703050537 -0.28780631726523553 0.04100358028810351 0.22043622422109488 0.05956864386797381 0.45445264171380517 0.6040516109859585 0.9043527775531865 1.1460915852787366 1.187204528595714 1.3500808696082087 1.4357900992335964
293 2930 -0.8917721703050537 -0.28780631726523553 0.04100358028810351 0.22043622422109488 0.05956864386797381 0.45445264171380517 0.6040516109859585 0.9043527775531865 1.1460915852787366 1.187204528595714 1.3500808696082087 1.4357900992335964
294 2940 -0.8917721703050537 -0.28780631726523553 0.04100358028810351 0.22043622422109488 0.05956864386797381 0.45445264171380517 0.6040516109859585 0.9043527775531865 1.1460915852787366 1.187204528595714 1.3500808696082087 1.4357900992335964
295 2950 -0.8917721703050537 -0.28780631726523553 0.04100358028810351 0.22043622422109488 0.05956864386797381 0.45445264171380517 0.6040516109859585 0.9043527775531865 1.1460915852787366 1.187204528595714 1.3500808696082087 1.4357900992335964
296 2960 -0.8917721703050537 -0.28780631726523553 0.04100358028810351 0.22043622422109488 0.05956864386797381 0.45445264171380517 0.6040516109859585 0.9043527775531865 1.1460915852787366 1.187204528595714 1.3500808696082087 1.4357900992335964
297 2970 -0.8863218535065774 -0.21975736873928073 0.019677070067127787 0.2195129163925856 0.048895121778576835 0.4324870803829216 0.6297822935998036 0.9052569901296573 1.110169829198403 1.2178908923061718 1.3500741533234224 1.4338803095659656
298 2980 -0.8863218535065774 -0.21975736873928073 0.019677070067127787 0.2195129163925856 0.048895121778576835 0.4324870803829216 0.6297822935998036 0.9052569901296573 1.110169829198403 1.2178908923061718 1.3500741533234224 1.4338803095659656
299 2990 -0.8863218535065774 -0.21975736873928073 0.019677070067127787 0.2195129163925856 0.048895121778576835 0.4324870803829216 0.6297822935998036 0.9052569901296573 1.110169829198403 1.2178908923061718 1.3500741533234224 1.4338803095659656
300 3000 -0.8863218535065774 -0.21975736873928073 0.019677070067127787 0.2195129163925856 0.048895121778576835 0.4324870803829216 0.6297822935998036 0.9052569901296573 1.110169829198403 1.2178908923061718 1.3500741533234224 1.4338803095659656
301 3010 -0.8863218535065774 -0.21975736873928073 0.019677070067127787 0.2195129163925856 0.048895121778576835 0.4324870803829216 0.6297822935998036 0.9052569901296573 1.110169829198403 1.2178908923061718 1.3500741533234224 1.4338803095659656
302 3020 -0.8863218535065774 -0.21975736873928073 0.019677070067127787 0.2195129163925856 0.048895121778576835 0.4324870803829216 0.6297822935998036 0.9052569901296573 1.110169829198403 1.2178908923061718 1.3500741533234224 1.4338803095659656
303 3030 -0.8863218535065774 -0.21975736873928073 0.019677070067127787 0.2195129163925856 0.048895121778576835 0.4324870803829216 0.6297822935998036 0.9052569901296573 1.110169829198403 1.2178908923061718 1.3500741533234224 1.4338803095659656
304 3040 -0.8863218535065774 -0.21975736873928073 0.019677070067127787 0.2195129163925856 0.048895121778576835 0.4324870803829216 0.6297822935998036 0.9052569901296573 1.110169829198403 1.2178908923061718 1.3500741533234224 1.4338803095659656
305 3050 -0.8704756802106113 -0.22196562471671746 0.03585158042837812 0.190679295538201 0.04519397891949914 0.4923961132025961 0.7241851883840066 0.9267407625117807 1.0896551077465073 1.1876332595473194 1.3334171402567327 1.4129361843498864
306 3060 -0.8704756802106113 -0.22196562471671746 0.03585158042837812 0.190679295538201 0.04519397891949914 0.4923961132025961 0.7241851883840066 0.9267407625117807 1.0896551077465073 1.1876332595473194 1.3334171402567327 1.4129361843498864
307 3070 -0.8704756802106113 -0.22196562471671746 0.03585158042837812 0.190679295538201 0.04519397891949914 0.4923961132025961 0.7241851883840066 0.9267407625117807 1.0896551077465073 1.1876332595473194 1.3334171402567327 1.4129361843498864
308 3080 -0.8704756802106113 -0.22196562471671746 0.03585158042837812 0.190679295538201 0.04519397891949914 0.4923961132025961 0.7241851883840066 0.9267407625117807 1.0896551077465073 1.1876332595473194 1.3334171402567327 1.4129361843498864
309 3090 -0.8704756802106113 -0.22196562471671746 0.03585158042837812 0.190679295538201 0.04519397891949914 0.4923961132025961 0.7241851883840066 0.9267407625117807 1.0896551077465073 1.1876332595473194 1.3334171402567327 1.4129361843498864
310 3100 -0.8704756802106113 -0.22196562471671746 0.03585158042837812 0.190679295538201 0.04519397891949914 0.4923961132025961 0.7241851883840066 0.9267407625117807 1.0896551077465073 1.1876332595473194 1.3334171402567327 1.4129361843498864
311 3110 -0.8704756802106113 -0.22196562471671746 0.03585158042837812 0.190679295538201 0.04519397891949914 0.4923961132025961 0.7241851883840066 0.9267407625117807 1.0896551077465073 1.1876332595473194 1.3334171402567327 1.4129361843498864
312 3120 -0.8704756802106113 -0.22196562471671746 0.03585158042837812 0.190679295538201 0.04519397891949914 0.4923961132025961 0.7241851883840066 0.9267407625117807 1.0896551077465073 1.1876332595473194 1.3334171402567327 1.4129361843498864
313 3130 -0.8832100376400918 -0.2207839850945829 0.02382169974349183 0.1530405981294486 0.03970681103306471 0.5041255863509465 0.7968327889836861 0.9555601092337793 1.070185735767281 1.2143421640583296 1.2572552225281641 1.4126669994593704
314 3140 -0.8832100376400918 -0.2207839850945829 0.02382169974349183 0.1530405981294486 0.03970681103306471 0.5041255863509465 0.7968327889836861 0.9555601092337793 1.070185735767281 1.2143421640583296 1.2572552225281641 1.4126669994593704
315 3150 -0.8832100376400918 -0.2207839850945829 0.02382169974349183 0.1530405981294486 0.03970681103306471 0.5041255863509465 0.7968327889836861 0.9555601092337793 1.070185735767281 1.2143421640583296 1.2572552225281641 1.4126669994593704
316 3160 -0.8832100376400918 -0.2207839850945829 0.02382169974349183 0.1530405981294486 0.03970681103306471 0.5041255863509465 0.7968327889836861 0.9555601092337793 1.070185735767281 1.2143421640583296 1.2572552225281641 1.4126669994593704
317 3170 -0.8832100376400918 -0.2207839850945829 0.02382169974349183 0.1530405981294486 0.03970681103306471 0.5041255863509465 0.7968327889836861 0.9555601092337793 1.070185735767281 1.2143421640583296 1.2572552225281641 1.4126669994593704
318 3180 -0.8832100376400918 -0.2207839850945829 0.02382169974349183 0.1530405981294486 0.03970681103306471 0.5041255863509465 0.7968327889836861 0.9555601092337793 1.070185735767281 1.2143421640583296 1.2572552225281641 1.4126669994593704
319 3190 -0.8832100376400918 -0.2207839850945829 0.02382169974349183 0.1530405981294486 0.03970681103306471 0.5041255863509465 0.7968327889836861 0.9555601092337793 1.070185735767281 1.2143421640583296 1.2572552225281641 1.4126669994593704
320 3200 -0.8832100376400918 -0.2207839850945829 0.02382169974349183 0.1530405981294486 0.03970681103306471 0.5041255863509465 0.7968327889836861 0.9555601092337793 1.070185735767281 1.2143421640583296 1.2572552225281641 1.4126669994593704
321 3210 -0.8746445052697654 -0.24459436907865523 0.0430945491452929 0.13856404903195507 0.04014801987407303 0.5168649925180534 0.773635551064723 0.9661564405071327 1.0592280455431649 1.215348266633713 1.2342546800433478 1.441127477262578
322 3220 -0.8746445052697654 -0.24459436907865523 0.0430945491452929 0.13856404903195507 0.04014801987407303 0.5168649925180534 0.773635551064723 0.9661564405071327 1.0592280455431649 1.215348266633713 1.2342546800433478 1.441127477262578
323 3230 -0.8746445052697654 -0.24459436907865523 0.0430945491452929 0.13856404903195507 0.04014801987407303 0.5168649925180534 0.773635551064723 0.9661564405071327 1.0592280455431649 1.215348266633713 1.2342546800433478 1.441127477262578
324 3240 -0.8746445052697654 -0.24459436907865523 0.0430945491452929 0.13856404903195507 0.04014801987407303 0.5168649925180534 0.773635551064723 0.9661564405071327 1.0592280455431649 1.215348266633713 1.2342546800433478 1.441127477262578
325 3250 -0.8746445052697654 -0.24459436907865523 0.0430945491452929 0.13856404903195507 0.04014801987407303 0.5168649925180534 0.773635551064723 0.9661564405071327 1.0592280455431649 1.215348266633713 1.2342546800433478 1.441127477262578
326 3260 -0.8746445052697654 -0.24459436907865523 0.0430945491452929 0.13856404903195507 0.04014801987407303 0.5168649925180534 0.773635551064723 0.9661564405071327 1.0592280455431649 1.215348266633713 1.2342546800433478 1.441127477262578
327 3270 -0.8746445052697654 -0.24459436907865523 0.0430945491452929 0.13856404903195507 0.04014801987407303 0.5168649925180534 0.773635551064723 0.9661564405071327 1.0592280455431649 1.215348266633713 1.2342546800433478 1.441127477262578
328 3280 -0.8746445052697654 -0.24459436907865523 0.0430945491452929 0.13856404903195507 0.04014801987407303 0.5168649925180534 0.773635551064723 0.9661564405071327 1.0592280455431649 1.215348266633713 1.2342546800433478 1.441127477262578
329 3290 -0.883362806222395 -0.22302810491591862 0.0450013038820293 0.1925335791062578 0.03424815428310869 0.5166051578394433 0.6894713053451664 0.8955805676718191 1.1077379620557632 1.1999844376146391 1.2632111051520112 1.4804602667616562
330 3300 -0.883362806222395 -0.22302810491591862 0.0450013038820293 0.1925335791062578 0.03424815428310869 0.5166051578394433 0.6894713053451664 0.8955805676718191 1.1077379620557632 1.1999844376146391 1.2632111051520112 1.4804602667616562
331 3310 -0.883362806222395 -0.22302810491591862 0.0450013038820293 0.1925335791062578 0.03424815428310869 0.5166051578394433 0.6894713053451664 0.8955805676718191 1.1077379620557632 1.1999844376146391 1.2632111051520112 1.4804602667616562
332 3320 -0.883362806222395 -0.22302810491591862 0.0450013038820293 0.1925335791062578 0.03424815428310869 0.5166051578394433 0.6894713053451664 0.8955805676718191 1.1077379620557632 1.1999844376146391 1.2632111051520112 1.4804602667616562
333 3330 -0.883362806222395 -0.22302810491591862 0.0450013038820293 0.1925335791062578 0.03424815428310869 0.5166051578394433 0.6894713053451664 0.8955805676718191 1.1077379620557632 1.1999844376146391 1.2632111051520112 1.4804602667616562
334 3340 -0.883362806222395 -0.22302810491591862 0.0450013038820293 0.1925335791062578 0.03424815428310869 0.5166051578394433 0.6894713053451664 0.8955805676718191 1.1077379620557632 1.1999844376146391 1.2632111051520112 1.4804602667616562
335 3350 -0.883362806222395 -0.22302810491591862 0.0450013038820293 0.1925335791062578 0.03424815428310869 0.5166051578394433 0.6894713053451664 0.8955805676718191 1.1077379620557632 1.1999844376146391 1.2632111051520112 1.4804602667616562
336 3360 -0.883362806222395 -0.22302810491591862 0.0450013038820293 0.1925335791062578 0.03424815428310869 0.5166051578394433 0.6894713053451664 0.8955805676718191 1.1077379620557632 1.1999844376146391 1.2632111051520112 1.4804602667616562
337 3370 -0.8859112734152467 -0.23766161521646684 0.05801596659265717 0.1633073457600141 0.03618305714001487 0.5116058219766766 0.7160447183823851 0.9207513565675034 1.0372967934541997 1.177772757018108 1.3138820377140876 1.4788603233704123
338 3380 -0.8859112734152467 -0.23766161521646684 0.05801596659265717 0.1633073457600141 0.03618305714001487 0.5116058219766766 0.7160447183823851 0.9207513565675034 1.0372967934541997 1.177772757018108 1.3138820377140876 1.4788603233704123
339 3390 -0.8859112734152467 -0.23766161521646684 0.05801596659265717 0.1633073457600141 0.03618305714001487 0.5116058219766766 0.7160447183823851 0.9207513565675034 1.0372967934541997 1.177772757018108 1.3138820377140876 1.4788603233704123
340 3400 -0.8859112734152467 -0.23766161521646684 0.05801596659265717 0.1633073457600141 0.03618305714001487 0.5116058219766766 0.7160447183823851 0.9207513565675034 1.0372967934541997 1.177772757018108 1.3138820377140876 1.4788603233704123
341 3410 -0.8859112734152467 -0.23766161521646684 0.05801596659265717 0.1633073457600141 0.03618305714001487 0.5116058219766766 0.7160447183823851 0.9207513565675034 1.0372967934541997 1.177772757018108 1.3138820377140876 1.4788603233704123
342 3420 -0.8859112734152467 -0.23766161521646684 0.05801596659265717 0.1633073457600141 0.03618305714001487 0.5116058219766766 0.7160447183823851 0.9207513565675034 1.0372967934541997 1.177772757018108 1.3138820377140876 1.4788603233704123
343 3430 -0.8859112734152467 -0.23766161521646684 0.05801596659265717 0.1633073457600141 0.03618305714001487 0.5116058219766766 0.7160447183823851 0.9207513565675034 1.0372967934541997 1.177772757018108 1.3138820377140876 1.4788603233704123
344 3440 -0.8859112734152467 -0.23766161521646684 0.05801596659265717 0.1633073457600141 0.03618305714001487 0.5116058219766766 0.7160447183823851 0.9207513565675034 1.0372967934541997 1.177772757018108 1.3138820377140876 1.4788603233704123
345 3450 -0.8846773191261234 -0.2829582512619825 0.044889699566144935 0.2498199428071618 0.03435749327991467 0.4859504716115052 0.7643343990638916 0.8988069382870382 1.0329958804084247 1.1887401908035333 1.293926686035711 1.4886842233606963
346 3460 -0.8846773191261234 -0.2829582512619825 0.044889699566144935 0.2498199428071618 0.03435749327991467 0.4859504716115052 0.7643343990638916 0.8988069382870382 1.0329958804084247 1.1887401908035333 1.293926686035711 1.4886842233606963
347 3470 -0.8846773191261234 -0.2829582512619825 0.044889699566144935 0.2498199428071618 0.03435749327991467 0.4859504716115052 0.7643343990638916 0.8988069382870382 1.0329958804084247 1.1887401908035333 1.293926686035711 1.4886842233606963
348 3480 -0.8846773191261234 -0.2829582512619825 0.044889699566144935 0.2498199428071618 0.03435749327991467 0.4859504716115052 0.7643343990638916 0.8988069382870382 1.0329958804084247 1.1887401908035333 1.293926686035711 1.4886842233606963
349 3490 -0.8846773191261234 -0.2829582512619825 0.044889699566144935 0.2498199428071618 0.03435749327991467 0.4859504716115052 0.7643343990638916 0.8988069382870382 1.0329958804084247 1.1887401908035333 1.293926686035711 1.4886842233606963
350 3500 -0.8846773191261234 -0.2829582512619825 0.044889699566144935 0.2498199428071618 0.03435749327991467 0.4859504716115052 0.7643343990638916 0.8988069382870382 1.0329958804084247 1.1887401908035333 1.293926686035711 1.4886842233606963
351 3510 -0.8846773191261234 -0.2829582512619825 0.044889699566144935 0.2498199428071618 0.03435749327991467 0.4859504716115052 0.7643343990638916 0.8988069382870382 1.0329958804084247 1.1887401908035333 1.293926686035711 1.4886842233606963
352 3520 -0.8846773191261234 -0.2829582512619825 0.044889699566144935 0.2498199428071618 0.03435749327991467 0.4859504716115052 0.7643343990638916 0.8988069382870382 1.0329958804084247 1.1887401908035333 1.293926686035711 1.4886842233606963
353 3530 -0.8774925411295028 -0.18297921028561964 0.031009077608196996 0.12035006484600451 0.03608977840456369 0.4916819001747337 0.75225849708176 0.9592799493877546 1.026802697588382 1.2249537473883683 1.3192798519056763 1.4055250899739729
354 3540 -0.8774925411295028 -0.18297921028561964 0.031009077608196996 0.12035006484600451 0.03608977840456369 0.4916819001747337 0.75225849708176 0.9592799493877546 1.026802697588382 1.2249537473883683 1.3192798519056763 1.4055250899739729
355 3550 -0.8774925411295028 -0.18297921028561964 0.031009077608196996 0.12035006484600451 0.03608977840456369 0.4916819001747337 0.75225849708176 0.9592799493877546 1.026802697588382 1.2249537473883683 1.3192798519056763 1.4055250899739729
356 3560 -0.8774925411295028 -0.18297921028561964 0.031009077608196996 0.12035006484600451 0.03608977840456369 0.4916819001747337 0.75225849708176 0.9592799493877546 1.026802697588382 1.2249537473883683 1.3192798519056763 1.4055250899739729
357 3570 -0.8774925411295028 -0.18297921028561964 0.031009077608196996 0.12035006484600451 0.03608977840456369 0.4916819001747337 0.75225849708176 0.9592799493877546 1.026802697588382 1.2249537473883683 1.3192798519056763 1.4055250899739729
358 3580 -0.8774925411295028 -0.18297921028561964 0.031009077608196996 0.12035006484600451 0.03608977840456369 0.4916819001747337 0.75225849708176 0.9592799493877546 1.026802697588382 1.2249537473883683 1.3192798519056763 1.4055250899739729
359 3590 -0.8774925411295028 -0.18297921028561964 0.031009077608196996 0.12035006484600451 0.03608977840456369 0.4916819001747337 0.75225849708176 0.9592799493877546 1.026802697588382 1.2249537473883683 1.3192798519056763 1.4055250899739729
360 3600 -0.8774925411295028 -0.18297921028561964 0.031009077608196996 0.12035006484600451 0.03608977840456369 0.4916819001747337 0.75225849708176 0.9592799493877546 1.026802697588382 1.2249537473883683 1.3192798519056763 1.4055250899739729
361 3610 -0.8817926446177405 -0.234942704913154 0.030419466293148907 0.1733103260823483 0.03483083552155404 0.44183920541988503 0.6789677588678715 0.9655015319346748 1.0829917109776777 1.213856441812592 1.2717632262170484 1.465153334216679
362 3620 -0.8817926446177405 -0.234942704913154 0.030419466293148907 0.1733103260823483 0.03483083552155404 0.44183920541988503 0.6789677588678715 0.9655015319346748 1.0829917109776777 1.213856441812592 1.2717632262170484 1.465153334216679
363 3630 -0.8817926446177405 -0.234942704913154 0.030419466293148907 0.1733103260823483 0.03483083552155404 0.44183920541988503 0.6789677588678715 0.9655015319346748 1.0829917109776777 1.213856441812592 1.2717632262170484 1.465153334216679
364 3640 -0.8817926446177405 -0.234942704913154 0.030419466293148907 0.1733103260823483 0.03483083552155404 0.44183920541988503 0.6789677588678715 0.9655015319346748 1.0829917109776777 1.213856441812592 1.2717632262170484 1.465153334216679
365 3650 -0.8817926446177405 -0.234942704913154 0.030419466293148907 0.1733103260823483 0.03483083552155404 0.44183920541988503 0.6789677588678715 0.9655015319346748 1.0829917109776777 1.213856441812592 1.2717632262170484 1.465153334216679
366 3660 -0.8817926446177405 -0.234942704913154 0.030419466293148907 0.1733103260823483 0.03483083552155404 0.44183920541988503 0.6789677588678715 0.9655015319346748 1.0829917109776777 1.213856441812592 1.2717632262170484 1.465153334216679
367 3670 -0.8817926446177405 -0.234942704913154 0.030419466293148907 0.1733103260823483 0.03483083552155404 0.44183920541988503 0.6789677588678715 0.9655015319346748 1.0829917109776777 1.213856441812592 1.2717632262170484 1.465153334216679
368 3680 -0.8817926446177405 -0.234942704913154 0.030419466293148907 0.1733103260823483 0.03483083552155404 0.44183920541988503 0.6789677588678715 0.9655015319346748 1.0829917109776777 1.213856441812592 1.2717632262170484 1.465153334216679
369 3690 -0.8761224738579028 -0.35814781354499364 0.02217198465410345 0.34198470077690946 0.03621397090577395 0.4267381312898544 0.6425721128621347 0.9040864106384517 1.0967875093496944 1.1547948440777283 1.2602514933851694 1.5689436440904085
370 3700 -0.8761224738579028 -0.35814781354499364 0.02217198465410345 0.34198470077690946 0.03621397090577395 0.4267381312898544 0.6425721128621347 0.9040864106384517 1.0967875093496944 1.1547948440777283 1.2602514933851694 1.5689436440904085
371 3710 -0.8761224738579028 -0.35814781354499364 0.02217198465410345 0.34198470077690946 0.03621397090577395 0.4267381312898544 0.6425721128621347 0.9040864106384517 1.0967875093496944 1.1547948440777283 1.2602514933851694 1.5689436440904085
372 3720 -0.8761224738579028 -0.35814781354499364 0.02217198465410345 0.34198470077690946 0.03621397090577395 0.4267381312898544 0.6425721128621347 0.9040864106384517 1.0967875093496944 1.1547948440777283 1.2602514933851694 1.5689436440904085
373 3730 -0.8761224738579028 -0.35814781354499364 0.02217198465410345 0.34198470077690946 0.03621397090577395 0.4267381312898544 0.6425721128621347 0.9040864106384517 1.0967875093496944 1.1547948440777283 1.2602514933851694 1.5689436440904085
374 3740 -0.8761224738579028 -0.35814781354499364 0.02217198465410345 0.34198470077690946 0.03621397090577395 0.4267381312898544 0.6425721128621347 0.9040864106384517 1.0967875093496944 1.1547948440777283 1.2602514933851694 1.5689436440904085
375 3750 -0.8761224738579028 -0.35814781354499364 0.02217198465410345 0.34198470077690946 0.03621397090577395 0.4267381312898544 0.6425721128621347 0.9040864106384517 1.0967875093496944 1.1547948440777283 1.2602514933851694 1.5689436440904085
376 3760 -0.8761224738579028 -0.35814781354499364 0.02217198465410345 0.34198470077690946 0.03621397090577395 0.4267381312898544 0.6425721128621347 0.9040864106384517 1.0967875093496944 1.1547948440777283 1.2602514933851694 1.5689436440904085
377 3770 -0.8809809647442158 -0.30348143783877435 0.05052751264112 0.3534995835214051 0.03295391344852382 0.4203789362868856 0.5881857068045688 0.8669780225173204 1.143943967924651 1.2213439200723026 1.2776635816389874 1.5138920937775455
378 3780 -0.8809809647442158 -0.30348143783877435 0.05052751264112 0.3534995835214051 0.03295391344852382 0.4203789362868856 0.5881857068045688 0.8669780225173204 1.143943967924651 1.2213439200723026 1.2776635816389874 1.5138920937775455
379 3790 -0.8809809647442158 -0.30348143783877435 0.05052751264112 0.3534995835214051 0.03295391344852382 0.4203789362868856 0.5881857068045688 0.8669780225173204 1.143943967924651 1.2213439200723026 1.2776635816389874 1.5138920937775455
380 3800 -0.8809809647442158 -0.30348143783877435 0.05052751264112 0.3534995835214051 0.03295391344852382 0.4203789362868856 0.5881857068045688 0.8669780225173204 1.143943967924651 1.2213439200723026 1.2776635816389874 1.5138920937775455
381 3810 -0.8809809647442158 -0.30348143783877435 0.05052751264112 0.3534995835214051 0.03295391344852382 0.4203789362868856 0.5881857068045688 0.8669780225173204 1.143943967924651 1.2213439200723026 1.2776635816389874 1.5138920937775455
382 3820 -0.8809809647442158 -0.30348143783877435 0.05052751264112 0.3534995835214051 0.03295391344852382 0.4203789362868856 0.5881857068045688 0.8669780225173204 1.143943967924651 1.2213439200723026 1.2776635816389874 1.5138920937775455
383 3830 -0.8809809647442158 -0.30348143783877435 0.05052751264112 0.3534995835214051 0.03295391344852382 0.4203789362868856 0.5881857068045688 0.8669780225173204 1.143943967924651 1.2213439200723026 1.2776635816389874 1.5138920937775455
384 3840 -0.8809809647442158 -0.30348143783877435 0.05052751264112 0.3534995835214051 0.03295391344852382 0.4203789362868856 0.5881857068045688 0.8669780225173204 1.143943967924651 1.2213439200723026 1.2776635816389874 1.5138920937775455
385 3850 -0.9036508552569968 -0.29768348701064445 0.039478599297186945 0.4117477903997055 0.031619293480790595 0.44662557265896363 0.5751870298259425 0.797745355172037 1.1109184197479818 1.2366018467499855 1.3557588182027946 1.493613809286998
386 3860 -0.9036508552569968 -0.29768348701064445 0.039478599297186945 0.4117477903997055 0.031619293480790595 0.44662557265896363 0.5751870298259425 0.797745355172037 1.1109184197479818 1.2366018467499855 1.3557588182027946 1.493613809286998
387 3870 -0.9036508552569968 -0.29768348701064445 0.039478599297186945 0.4117477903997055 0.031619293480790595 0.44662557265896363 0.5751870298259425 0.797745355172037 1.1109184197479818 1.2366018467499855 1.3557588182027946 1.493613809286998
388 3880 -0.9036508552569968 -0.29768348701064445 0.039478599297186945 0.4117477903997055 0.031619293480790595 0.44662557265896363 0.5751870298259425 0.797745355172037 1.1109184197479818 1.2366018467499855 1.3557588182027946 1.493613809286998
389 3890 -0.9036508552569968 -0.29768348701064445 0.039478599297186945 0.4117477903997055 0.031619293480790595 0.44662557265896363 0.5751870298259425 0.797745355172037 1.1109184197479818 1.2366018467499855 1.3557588182027946 1.493613809286998
390 3900 -0.9036508552569968 -0.29768348701064445 0.039478599297186945 0.4117477903997055 0.031619293480790595 0.44662557265896363 0.5751870298259425 0.797745355172037 1.1109184197479818 1.2366018467499855 1.3557588182027946 1.493613809286998
391 3910 -0.9036508552569968 -0.29768348701064445 0.039478599297186945 0.4117477903997055 0.031619293480790595 0.44662557265896363 0.5751870298259425 0.797745355172037 1.1109184197479818 1.2366018467499855 1.3557588182027946 1.493613809286998
392 3920 -0.9036508552569968 -0.29768348701064445 0.039478599297186945 0.4117477903997055 0.031619293480790595 0.44662557265896363 0.5751870298259425 0.797745355172037 1.1109184197479818 1.2366018467499855 1.3557588182027946 1.493613809286998
393 3930 -0.9019411253924567 -0.26405783385620274 0.07760717476051214 0.4358024825708826 0.030927577720475302 0.43280988925518443 0.6463176138833923 0.7788457403676131 1.0566369238091247 1.2290779387032935 1.3309407132585198 1.5455984565926297
394 3940 -0.9019411253924567 -0.26405783385620274 0.07760717476051214 0.4358024825708826 0.030927577720475302 0.43280988925518443 0.6463176138833923 0.7788457403676131 1.0566369238091247 1.2290779387032935 1.3309407132585198 1.5455984565926297
395 3950 -0.9019411253924567 -0.26405783385620274 0.07760717476051214 0.4358024825708826 0.030927577720475302 0.43280988925518443 0.6463176138833923 0.7788457403676131 1.0566369238091247 1.2290779387032935 1.3309407132585198 1.5455984565926297
396 3960 -0.9019411253924567 -0.26405783385620274 0.07760717476051214 0.4358024825708826 0.030927577720475302 0.43280988925518443 0.6463176138833923 0.7788457403676131 1.0566369238091247 1.2290779387032935 1.3309407132585198 1.5455984565926297
397 3970 -0.9019411253924567 -0.26405783385620274 0.07760717476051214 0.4358024825708826 0.030927577720475302 0.43280988925518443 0.6463176138833923 0.7788457403676131 1.0566369238091247 1.2290779387032935 1.3309407132585198 1.5455984565926297
398 3980 -0.9019411253924567 -0.26405783385620274 0.07760717476051214 0.4358024825708826 0.030927577720475302 0.43280988925518443 0.6463176138833923 0.7788457403676131 1.0566369238091247 1.2290779387032935 1.3309407132585198 1.5455984565926297
399 3990 -0.9019411253924567 -0.26405783385620274 0.07760717476051214 0.4358024825708826 0.030927577720475302 0.43280988925518443 0.6463176138833923 0.7788457403676131 1.0566369238091247 1.2290779387032935 1.3309407132585198 1.5455984565926297
400 4000 -0.9019411253924567 -0.26405783385620274 0.07760717476051214 0.4358024825708826 0.030927577720475302 0.43280988925518443 0.6463176138833923 0.7788457403676131 1.0566369238091247 1.2290779387032935 1.3309407132585198 1.5455984565926297
401 4010 -0.8968374797051883 -0.26244015538993826 0.0816089359896124 0.36769043653944833 0.030696219399935925 0.45167553608008104 0.6863326902482595 0.8932851923498539 0.9740075844529281 1.2476374079297459 1.2836234769698556 1.5404729302330264
402 4020 -0.8968374797051883 -0.26244015538993826 0.0816089359896124 0.36769043653944833 0.030696219399935925 0.45167553608008104 0.6863326902482595 0.8932851923498539 0.9740075844529281 1.2476374079297459 1.2836234769698556 1.5404729302330264
403 4030 -0.8968374797051883 -0.26244015538993826 0.0816089359896124 0.36769043653944833 0.030696219399935925 0.45167553608008104 0.6863326902482595 0.8932851923498539 0.9740075844529281 1.2476374079297459 1.2836234769698556 1.5404729302330264
404 4040 -0.8968374797051883 -0.26244015538993826 0.0816089359896124 0.36769043653944833 0.030696219399935925 0.45167553608008104 0.6863326902482595 0.8932851923498539 0.9740075844529281 1.2476374079297459 1.2836234769698556 1.5404729302330264
405 4050 -0.8968374797051883 -0.26244015538993826 0.0816089359896124 0.36769043653944833 0.030696219399935925 0.45167553608008104 0.6863326902482595 0.8932851923498539 0.9740075844529281 1.2476374079297459 1.2836234769698556 1.5404729302330264
406 4060 -0.8968374797051883 -0.26244015538993826 0.0816089359896124 0.36769043653944833 0.030696219399935925 0.45167553608008104 0.6863326902482595 0.8932851923498539 0.9740075844529281 1.2476374079297459 1.2836234769698556 1.5404729302330264
407 4070 -0.8968374797051883 -0.26244015538993826 0.0816089359896124 0.36769043653944833 0.030696219399935925 0.45167553608008104 0.6863326902482595 0.8932851923498539 0.9740075844529281 1.2476374079297459 1.2836234769698556 1.5404729302330264
408 4080 -0.8968374797051883 -0.26244015538993826 0.0816089359896124 0.36769043653944833 0.030696219399935925 0.45167553608008104 0.6863326902482595 0.8932851923498539 0.9740075844529281 1.2476374079297459 1.2836234769698556 1.5404729302330264
409 4090 -0.9207460021942551 -0.24560597991374022 0.06304335225856098 0.29393721175245285 0.030101195703724513 0.4696321987869405 0.6657833378560771 0.8467214984505022 0.9868223701859362 1.22848429841097 1.3416668165436831 1.5281599584528327
410 4100 -0.9207460021942551 -0.24560597991374022 0.06304335225856098 0.29393721175245285 0.030101195703724513 0.4696321987869405 0.6657833378560771 0.8467214984505022 0.9868223701859362 1.22848429841097 1.3416668165436831 1.5281599584528327
411 4110 -0.9207460021942551 -0.24560597991374022 0.06304335225856098 0.29393721175245285 0.030101195703724513 0.4696321987869405 0.6657833378560771 0.8467214984505022 0.9868223701859362 1.22848429841097 1.3416668165436831 1.5281599584528327
412 4120 -0.9207460021942551 -0.24560597991374022 0.06304335225856098 0.29393721175245285 0.030101195703724513 0.4696321987869405 0.6657833378560771 0.8467214984505022 0.9868223701859362 1.22848429841097 1.3416668165436831 1.5281599584528327
412 4120 -0.9207460021942551 -0.24560597991374022 0.06304335225856098 0.29393721175245285 0.030101195703724513 0.4696321987869405 0.6657833378560771 0.8467214984505022 0.9868223701859362 1.22848429841097 1.3416668165436831 1.5281599584528327
