% # columns="iteration, evaluation, sigma, max axis length,  min axis length, all principal axes lengths  (sorted square roots of eigenvalues of C)", seed=799291, Sat Mar 22 10:12:56 2025
1 10 0.4247371080455514 1.0000437509570452 1.0 1.0 1.0000062500195313 1.0000125000781253 1.0000187501757822 1.0000250003125026 1.0000312504882864 1.0000375007031337 1.0000437509570452
2 20 0.3825563865160106 1.0264916149347658 0.9045359085960485 0.9045359085960485 0.9360510378911608 0.9772800772341038 0.9923820845224435 0.9975591378001155 1.0007979070787212 1.0173370726489823 1.0264916149347658
3 30 0.3637773808325411 1.0374415850881356 0.8643079848266639 0.8643079848266639 0.8907499677408383 0.9435479289585931 0.9782988783283808 0.988696956775795 1.0154938367318656 1.0288533339082766 1.0374415850881356
4 40 0.3446554484624072 1.1019090692200835 0.8182531616413253 0.8182531616413253 0.874508109574549 0.9177699006763416 0.9359506412334208 0.9778152069769096 1.0078304156638012 1.029422570035757 1.1019090692200835
5 50 0.3089432447833964 1.1035902589644961 0.8236934496157708 0.8236934496157708 0.8594479373180893 0.8852090256521643 0.9236541191674495 0.9620750262534715 0.9938053138857269 1.0287827126386109 1.1035902589644961
6 60 0.28338637583891485 1.0974767460731005 0.8051068266812088 0.8051068266812088 0.844493006461375 0.866737726383395 0.8858044964232025 0.9497748206868069 0.9787400942714518 1.0081401399340657 1.0974767460731005
7 70 0.25249040163187264 1.1367456415691821 0.7856993854114123 0.7856993854114123 0.8188931396335692 0.8547234089319311 0.8714310982028401 0.9053127996859515 0.9553225428263322 1.0241440184213715 1.1367456415691821
8 80 0.2312102683192237 1.048775145115275 0.777444958729118 0.777444958729118 0.8241434992824035 0.8485905124296836 0.8685175061978082 0.8936616298939946 0.9373675566068164 1.015739267384625 1.048775145115275
9 90 0.20551216532725494 1.0436715512639485 0.7615883782448967 0.7615883782448967 0.8144232284446553 0.8285076301042733 0.8434829109152961 0.8765875846931884 0.9381652680388478 1.0026634794261027 1.0436715512639485
10 100 0.18278168796853864 1.0169720772880229 0.7038417926272377 0.7038417926272377 0.8020722696528184 0.8180793560893413 0.8293269332204007 0.8763520633309241 0.9205934045967716 0.9946195769157286 1.0169720772880229
11 110 0.16024545587210767 1.042479343215121 0.7002115531981835 0.7002115531981835 0.7861786317412104 0.8022925074564682 0.8267627499300891 0.8374281251223186 0.8927819780136207 0.9379352736447943 1.042479343215121
12 120 0.1506959930571934 1.0502375480604698 0.6738586686218301 0.6738586686218301 0.7619060491666463 0.7932502246237446 0.8172750789960465 0.830117543495803 0.8848739402623669 0.9249862725222568 1.0502375480604698
13 130 0.13761252930317658 1.057171356749904 0.6763899053247826 0.6763899053247826 0.7305752897742385 0.77035244557764 0.8076412102166975 0.8451547533994412 0.8765053245193368 0.9196053548184449 1.057171356749904
14 140 0.13247877440972788 1.0405178374300112 0.6515624985358841 0.6515624985358841 0.7198309204507464 0.7533051627556893 0.8030386005040249 0.823015448385176 0.8487793199808409 0.9312828759911685 1.0405178374300112
15 150 0.1273850421465414 1.033378442860687 0.6488257100613749 0.6488257100613749 0.7198443720144924 0.7276621185306891 0.783541153654209 0.8235118413787706 0.8483595144557452 0.9295427868616528 1.033378442860687
16 160 0.11601667419402749 1.0969735486938743 0.6487033797151326 0.6487033797151326 0.6909236426637244 0.7285677152455411 0.7390152793099142 0.809151019060978 0.8513267847869056 0.9276769309168628 1.0969735486938743
17 170 0.10546481044898862 1.064470206280319 0.6430155334822861 0.6430155334822861 0.6848366877162897 0.7239283879153858 0.738597882927832 0.7934650281041442 0.8266265086602346 0.9261450677746325 1.064470206280319
18 180 0.09751374828009653 1.073811329777459 0.6020126966814545 0.6020126966814545 0.6743769119406486 0.7143028241610399 0.7344262165617917 0.8009903185976588 0.8276504621966831 0.9394187505421349 1.073811329777459
19 190 0.08751514334582454 1.0358280707912177 0.5849862389277307 0.5849862389277307 0.652147989645797 0.7225661958152565 0.7326743088762335 0.7832967840294937 0.8452452388905125 0.9241961147722647 1.0358280707912177
20 200 0.07933714804354637 0.9901126696851925 0.5745948055754511 0.5745948055754511 0.6507006574474068 0.6909469210067283 0.7125710284442117 0.7741810695661084 0.8551112402230105 0.927532297239978 0.9901126696851925
21 210 0.07240821929836938 0.9828200335506047 0.5736522780884902 0.5736522780884902 0.6251482980429457 0.6870686100218705 0.6921483299162703 0.7450285017815322 0.8262992099897829 0.9344469396280141 0.9828200335506047
22 220 0.06730643260814927 0.9690736377549781 0.5706787985993818 0.5706787985993818 0.6342770188101283 0.6424824966227021 0.6977204229993484 0.7397132090359735 0.7882806703128861 0.9142717914077702 0.9690736377549781
23 230 0.06693952226904523 0.9806846736724968 0.5720087675686079 0.5720087675686079 0.5987885239068348 0.6335681829703145 0.6840486747141992 0.7260087530631408 0.7613012676863652 0.9330319896307387 0.9806846736724968
24 240 0.06104922323309616 1.013492957004286 0.5606798024563321 0.5606798024563321 0.589009168160455 0.6336271187719962 0.6801983693465631 0.6860900912924632 0.7636314695968667 0.9225241749244418 1.013492957004286
25 250 0.05521251755791745 1.0192256084251439 0.5444476273240283 0.5444476273240283 0.5940476402722031 0.6290942180151989 0.6604283066693777 0.6782034484372929 0.7663364140537445 0.8730103401177783 1.0192256084251439
26 260 0.05132815552788674 1.0209695755354704 0.5119291797235042 0.5119291797235042 0.5917146575464675 0.6067883998603144 0.6474816164791776 0.6657755911446691 0.7447202217537757 0.8660140444837552 1.0209695755354704
27 270 0.050177180769039764 1.0074640294717685 0.5106851085605357 0.5106851085605357 0.5896649350896405 0.6130021281145783 0.6364264270293706 0.6428371008887376 0.718689420775789 0.8620563064679517 1.0074640294717685
28 280 0.04584861180632229 1.048638971778994 0.4990651445809192 0.4990651445809192 0.5760714499909212 0.616050497446634 0.6207298286974124 0.6496190619284997 0.7106946802816668 0.8510275124827129 1.048638971778994
29 290 0.0469599558944455 1.0507607281221167 0.4807817602503989 0.4807817602503989 0.5609354931029134 0.6127720883772168 0.6211320888792028 0.6627901441981692 0.7005614230771926 0.8228985467153471 1.0507607281221167
30 300 0.04270185201161679 1.0109857021550899 0.48310724644399244 0.48310724644399244 0.5614663127858431 0.590722053454645 0.6112409802128884 0.6713004212819766 0.7102115619584476 0.8143630130511533 1.0109857021550899
31 310 0.03963048751103523 0.9898014834301232 0.4709195088310105 0.4709195088310105 0.5528305403997886 0.5802816932043274 0.6171817265009454 0.6648054546457913 0.6954668174753303 0.7821910370804048 0.9898014834301232
32 320 0.036248735104606966 0.9351884513580294 0.4672620410726802 0.4672620410726802 0.5364206221770671 0.5956719752566372 0.6039725963506649 0.6510410492702449 0.6955503117820909 0.7698187314985725 0.9351884513580294
33 330 0.03446966493812636 0.9422440677440386 0.4454056048010326 0.4454056048010326 0.5235690397970404 0.5773873189990776 0.5995776116163458 0.6424686144128974 0.7177624793971353 0.742960814564515 0.9422440677440386
34 340 0.03494212116598465 0.9351580653575166 0.44869244888743265 0.44869244888743265 0.5076468054829448 0.5577249783667888 0.5765608565439043 0.6361894098782197 0.7002196461670637 0.7637195028356105 0.9351580653575166
35 350 0.03334288039820641 0.9345730282399726 0.4687993695809786 0.4687993695809786 0.5121809446277469 0.5417702369110154 0.5722525629537836 0.6354293409638727 0.6831113033554428 0.748568478521274 0.9345730282399726
36 360 0.031518053970652764 0.9709600903227559 0.4572767604573794 0.4572767604573794 0.5065455209271703 0.528045282973829 0.5680810056084061 0.624145637211296 0.6644932811128866 0.7269688129717237 0.9709600903227559
37 370 0.030142365633497568 0.9778487956473237 0.45088755725555596 0.45088755725555596 0.4870981548746015 0.5277476464882951 0.5473178370811963 0.6220596793902131 0.6559856185556924 0.7244583303056927 0.9778487956473237
38 380 0.029037334034778726 1.019437778772599 0.4395637319980346 0.4395637319980346 0.48478141155049564 0.5110039693568101 0.5335334273477863 0.6025624060218718 0.6381861798303458 0.7202340866460368 1.019437778772599
39 390 0.028594966640451795 1.0212973712298004 0.44027551387080427 0.44027551387080427 0.481029467166954 0.4984210595679741 0.5388635282666733 0.5681455363709783 0.6423948544447683 0.6987915765922529 1.0212973712298004
40 400 0.029114405682080312 1.0786757770008149 0.43491150947203877 0.43491150947203877 0.4775502159282865 0.4928321988135614 0.5210240787739745 0.5564882107580467 0.621324029611396 0.681695221852842 1.0786757770008149
41 410 0.030875603137066544 1.0937308807429174 0.4319453692662167 0.4319453692662167 0.45492961553604755 0.48628480167279536 0.5060434889138363 0.5512663152073796 0.6147915599324817 0.6835881449515612 1.0937308807429174
42 420 0.029762792100216828 1.1045667848927638 0.4267383223403125 0.4267383223403125 0.4488368192851171 0.4742744187302731 0.5131402065763891 0.5453427191354616 0.6162367699644956 0.6792296203709388 1.1045667848927638
43 430 0.028746243687863018 1.1342658420021268 0.4144064988428816 0.4144064988428816 0.4227617566601231 0.45355455811975476 0.5096772922096321 0.5469181279236508 0.6089262280016352 0.6717927962059728 1.1342658420021268
44 440 0.030747138350016755 1.145949102262777 0.40915841700095607 0.40915841700095607 0.4216002108455867 0.43484019505817595 0.48854197597338467 0.5390685747254157 0.6023470060838315 0.6663874752846389 1.145949102262777
45 450 0.03297924908970877 1.1608211387602758 0.4145901545339513 0.4145901545339513 0.4287457104392091 0.4424726330590496 0.4892420165942643 0.5514335862329179 0.5959621942100379 0.6595772017685003 1.1608211387602758
46 460 0.032434742558283394 1.209157917153996 0.40699029721898483 0.40699029721898483 0.42515651584468106 0.44902977927403626 0.4809053409538526 0.555824629568558 0.5666803044455127 0.6372428066181137 1.209157917153996
47 470 0.03264348097388049 1.1613826292035665 0.40983402317644985 0.40983402317644985 0.4295374659566994 0.45287907362016416 0.47134497799035974 0.5307293366300546 0.5716511030187738 0.6332331927494864 1.1613826292035665
48 480 0.033552660707253865 1.1972984086339111 0.40151687789265667 0.40151687789265667 0.42184412217844197 0.4586159346246013 0.4692818128531278 0.5199363471203077 0.5440776782627443 0.6416461141069838 1.1972984086339111
49 490 0.03761308219454886 1.242943268792699 0.39148031986295784 0.39148031986295784 0.42256058034688654 0.44754879373669926 0.4771325319648087 0.5149448898331984 0.538013848890995 0.6391786364893134 1.242943268792699
50 500 0.04175957016522319 1.4284537983001147 0.37880069504432434 0.37880069504432434 0.40221580086714204 0.44274413145416663 0.46790307794375935 0.514260385421853 0.5348552289778473 0.6177269721879431 1.4284537983001147
51 510 0.042547114227511465 1.5787353289092674 0.3712322327278309 0.3712322327278309 0.39941484675271416 0.4225208268219551 0.4590467398456064 0.5117024534632088 0.5172199989703329 0.6066360398249855 1.5787353289092674
52 520 0.03916605184320896 1.6179572422158024 0.36072954582611855 0.36072954582611855 0.39724060595024685 0.4192592337989815 0.457718985017046 0.48808118425614916 0.5092556081630314 0.6066525048622922 1.6179572422158024
53 530 0.037536140625394336 1.617092710583158 0.35574180238254466 0.35574180238254466 0.39940868227683124 0.4191224461857531 0.4398270225139803 0.48140923989667084 0.5041189191885346 0.5913273080918282 1.617092710583158
54 540 0.03357430930544577 1.6285815625051916 0.3527542232308819 0.3527542232308819 0.3857394207927135 0.4147511035237301 0.4382397579760462 0.4828532607534979 0.5069624856148734 0.5621496826774706 1.6285815625051916
55 550 0.03224743651131617 1.5980434946064208 0.34471340114686677 0.34471340114686677 0.3848339164637516 0.4004495785913182 0.42579646906998214 0.4674484885652676 0.5133546849418712 0.5587433829946935 1.5980434946064208
56 560 0.03320799825658017 1.586555161094194 0.3384184839421817 0.3384184839421817 0.3717002705368896 0.39615159872312905 0.4150262168348147 0.4763026649019898 0.4952678852497993 0.5537165722739157 1.586555161094194
57 570 0.036169402533579545 1.689242085809245 0.3330061853581086 0.3330061853581086 0.35448578988119617 0.39533796371562213 0.4195840199833218 0.46325870717972867 0.49986217184420667 0.5415126570498925 1.689242085809245
58 580 0.038558435142759556 1.68463582016058 0.313371732728723 0.313371732728723 0.35621722910360154 0.407768357431756 0.41891149023554575 0.4579848933280248 0.5045650958862717 0.5591246275747699 1.68463582016058
59 590 0.03674017576841309 1.6224602016912013 0.31246286437823184 0.31246286437823184 0.35686314964089655 0.39455754153645894 0.4443484354031689 0.4624391174738231 0.49298621631856016 0.5504789750520551 1.6224602016912013
60 600 0.03345166437676558 1.5780191165710176 0.3022789542168589 0.3022789542168589 0.3519935549870135 0.3988332527449429 0.43787358520402264 0.46498852801318147 0.49034548907007736 0.5460373296921472 1.5780191165710176
61 610 0.030573913701526394 1.5648066607259328 0.2940949883161244 0.2940949883161244 0.34987048876842064 0.3977559929392652 0.4152870089234208 0.4651247532477251 0.47281754888137983 0.5432403228559722 1.5648066607259328
62 620 0.03130815602682971 1.5562013430219834 0.29620098674346806 0.29620098674346806 0.3401797193725454 0.3853498752523551 0.4213454582689184 0.4394593811922412 0.46207339159324556 0.5305418296446504 1.5562013430219834
63 630 0.03242435671672741 1.5801744846182024 0.287034481487544 0.287034481487544 0.33870485152189633 0.3864108527187133 0.42450075434596535 0.4371766606787537 0.46111017166165424 0.5126719545097378 1.5801744846182024
64 640 0.02887956568493858 1.5116130972713981 0.28124836138963555 0.28124836138963555 0.33796549186181757 0.3880734834054759 0.4161157357223067 0.4394107713862366 0.4726111728294592 0.517889167850939 1.5116130972713981
65 650 0.028404627614579396 1.5026268610724751 0.2660484123298051 0.2660484123298051 0.3237383075336495 0.3741032308233829 0.41188067892828395 0.4413754935902532 0.47538278876647255 0.5154521518026088 1.5026268610724751
66 660 0.02591860874068902 1.5217332173696727 0.2603149405497462 0.2603149405497462 0.32972800983654954 0.3701938805321848 0.409728650231686 0.4330068534605101 0.49064033878378394 0.4971178261930115 1.5217332173696727
67 670 0.023405028722443474 1.5076585108405103 0.2545452215112879 0.2545452215112879 0.32749996013252725 0.3705265490410783 0.40548383677349353 0.4365654026072829 0.4621318995525728 0.4963332636168476 1.5076585108405103
68 680 0.02163518022787365 1.508662583841686 0.2548695263498972 0.2548695263498972 0.322446120594586 0.36583839343765684 0.4052206676516343 0.419641637876552 0.44471258867366603 0.49123320794046127 1.508662583841686
69 690 0.02016959047337666 1.4821868098701056 0.25184073946559987 0.25184073946559987 0.3212009453820383 0.34875483271883856 0.3929011280715583 0.42137157031357453 0.4303419018288206 0.4901318844522229 1.4821868098701056
70 700 0.019883465012341547 1.4586541247715532 0.24884844526828326 0.24884844526828326 0.3113690596649968 0.3497792916052815 0.38476876710500457 0.4179753640595934 0.4334802430871894 0.479135904023311 1.4586541247715532
71 710 0.02074184339500144 1.4953551722744425 0.23904696684139926 0.23904696684139926 0.31214259861106974 0.3514375816069944 0.381751805324984 0.40796282363900355 0.4278311101070095 0.4738063441036311 1.4953551722744425
72 720 0.024600168056771326 1.5600337952202064 0.2385936211826895 0.2385936211826895 0.30671283733093085 0.3490798465212347 0.3858564840426628 0.39527537044798877 0.43565328145395643 0.4550823050017362 1.5600337952202064
73 730 0.030295372630913944 1.5843089091987983 0.23070075822172462 0.23070075822172462 0.30421004922556427 0.35514961886621105 0.3903261223760455 0.40808689686860705 0.4326393692859348 0.45647561483825544 1.5843089091987983
74 740 0.035617753305817484 1.5956634076516911 0.23030826743811547 0.23030826743811547 0.28682424246513727 0.35263208859037104 0.38245149312558235 0.4185717908956183 0.4298485275659699 0.459512812771614 1.5956634076516911
75 750 0.04009659629248291 1.629911993963054 0.23036869118721343 0.23036869118721343 0.2845017692556505 0.3329735182207324 0.3874877980675551 0.41151853384283504 0.42943184393364714 0.4596709469615295 1.629911993963054
76 760 0.0382844147828375 1.66244672213567 0.22891928657159702 0.22891928657159702 0.28312913007858864 0.32288351756938183 0.37539405238595935 0.4058373641518741 0.4350409622477697 0.45012023728985306 1.66244672213567
77 770 0.03939249703074025 1.596504085060442 0.2238397892822952 0.2238397892822952 0.2722800363408264 0.32244417230797506 0.3821728117854748 0.3929264829020378 0.42703578643650575 0.4418862186585268 1.596504085060442
78 780 0.0410121851265094 1.5648763005009079 0.22393782719999636 0.22393782719999636 0.27909913524641444 0.3296769383092763 0.3691644917675355 0.3955734273604571 0.40956518602919134 0.4334428158019359 1.5648763005009079
79 790 0.043866042478932867 1.5867937531597598 0.22098208229974717 0.22098208229974717 0.27712147307937834 0.3291402756831877 0.35964380880188385 0.39242654436207713 0.40499711257343196 0.435591368398679 1.5867937531597598
80 800 0.046736639866973156 1.6093226937638774 0.21744858439659853 0.21744858439659853 0.2753674407130829 0.32715047247755485 0.35928965822495496 0.3814772508064386 0.4172410200992494 0.4240038263881813 1.6093226937638774
81 810 0.04934972569996117 1.5774967034651797 0.21174174963696188 0.21174174963696188 0.263390401632451 0.33829052117067265 0.35934848792086227 0.3782948939491558 0.4110165059648921 0.427383208884854 1.5774967034651797
82 820 0.052210081216210444 1.496025186859986 0.21440614148167184 0.21440614148167184 0.2605075466634866 0.33175955945073243 0.35597156243497974 0.3782744443304461 0.4064134798058272 0.45237084169186653 1.496025186859986
83 830 0.053943947980264036 1.5185959435406762 0.21382949771206544 0.21382949771206544 0.2670858592480296 0.31263516819598997 0.34308155499659426 0.37399343625100945 0.3955001059294891 0.48034878709049145 1.5185959435406762
84 840 0.05645974356989143 1.5218311786389669 0.21182462832157828 0.21182462832157828 0.25783881319951885 0.30893249619301144 0.3459585095351752 0.3737491642118342 0.3884931007766779 0.4827196263376814 1.5218311786389669
85 850 0.05875926884559174 1.5128510649233342 0.20840950896309102 0.20840950896309102 0.2542293269244607 0.31155670067078783 0.34205359427838417 0.36160068224027225 0.38714626823535586 0.4840085663363228 1.5128510649233342
86 860 0.05503637953075689 1.5591993553653076 0.20206226445629002 0.20206226445629002 0.25938426263860187 0.31299569348628886 0.3402848797790463 0.356263149545938 0.359997815049083 0.4767527118265608 1.5591993553653076
87 870 0.050330143413503885 1.5463113783511488 0.1983383679989053 0.1983383679989053 0.26245102669817794 0.30470496278665893 0.3332437554896168 0.350886467345152 0.36059470765342383 0.4709170726529244 1.5463113783511488
88 880 0.043886563096514675 1.5250490255150375 0.1888270110724877 0.1888270110724877 0.26317773026332725 0.30775794802195816 0.32733072298918503 0.3457764446722905 0.34836537990233823 0.4638149297877801 1.5250490255150375
89 890 0.041514841427875766 1.454642092496295 0.18300074436580605 0.18300074436580605 0.25885853583735363 0.30710415085834636 0.3277113660627957 0.33786200304397984 0.35357949459283355 0.4396131913675333 1.454642092496295
90 900 0.04166303412658858 1.4659722826207187 0.180789560159077 0.180789560159077 0.24108250566559447 0.3077223639731655 0.31702095020576876 0.33455754600960985 0.3518353939623089 0.4410737489878757 1.4659722826207187
91 910 0.047485434834636665 1.4011746860028127 0.17362684398509318 0.17362684398509318 0.23624116884715304 0.3112636898233629 0.3130598580771999 0.33686129079611105 0.36204110508877424 0.4425178657706983 1.4011746860028127
92 920 0.05637187597534709 1.357001913641257 0.175206043042531 0.175206043042531 0.24265562221288908 0.3002219837874399 0.3114073511408429 0.3422027188892469 0.3910085189468051 0.4476533822774323 1.357001913641257
93 930 0.058089654558186904 1.3104702496128762 0.17867374744899026 0.17867374744899026 0.24280560132066265 0.2880581042101947 0.30946082477692255 0.3430004460101509 0.3999106606006291 0.4652267568285136 1.3104702496128762
94 940 0.056184838745806126 1.2242765383210763 0.17481093174570647 0.17481093174570647 0.24112451473337063 0.28765157538208164 0.30506023112751085 0.34011607401756716 0.40488911625935625 0.4486612810213844 1.2242765383210763
95 950 0.053939712098157955 1.2114891072000922 0.16928605201416888 0.16928605201416888 0.24297654577880573 0.28587586092462647 0.29706091825071446 0.34534722453828615 0.39555442144303715 0.4481592253791902 1.2114891072000922
96 960 0.05644263080912553 1.1656530416845647 0.16283123633119254 0.16283123633119254 0.23547353122480416 0.2838354712675431 0.29624544591590624 0.3434276163148538 0.3891075655428077 0.46083689951967904 1.1656530416845647
97 970 0.057302296193853096 1.2550308563686365 0.1590549937171872 0.1590549937171872 0.23519665488919683 0.28405253970427075 0.2852835465895758 0.3215081474428956 0.38237669475138764 0.47097057117159896 1.2550308563686365
98 980 0.05666447846415743 1.2792445566909532 0.15755752339584922 0.15755752339584922 0.2329139183074274 0.27135263273584787 0.28235017743405383 0.3214467565307046 0.38470425853482104 0.45930053738368537 1.2792445566909532
99 990 0.05030773238790627 1.2670614398048583 0.1576260084412897 0.1576260084412897 0.22118158955758616 0.27236928868549565 0.2821938323131611 0.31701708380186644 0.364391553509523 0.4694223222203442 1.2670614398048583
100 1000 0.04735288473732209 1.2481532443102625 0.15599655177468527 0.15599655177468527 0.21122142898960003 0.27079432571493084 0.281584946821151 0.3200610091280604 0.35559533756211403 0.4577188084867415 1.2481532443102625
101 1010 0.043743983420239926 1.2652608149796483 0.15306070349304404 0.15306070349304404 0.21145288899916634 0.26212174978842295 0.27788264167209015 0.3130501710259733 0.3581962207670533 0.45273799733443737 1.2652608149796483
102 1020 0.039526774413010675 1.197104295926249 0.14926264993234334 0.14926264993234334 0.2114546525942062 0.25761080360074484 0.2765658912405572 0.3144208847394124 0.35392295357898884 0.44196800923806884 1.197104295926249
103 1030 0.03581361788586193 1.1859727106504114 0.14592046422565497 0.14592046422565497 0.20987073149645488 0.25585301099762126 0.27463101539823426 0.3130191216582427 0.3329907454588439 0.43139959562951524 1.1859727106504114
104 1040 0.031663020530059316 1.1505539434664274 0.14075776106515217 0.14075776106515217 0.20746719523482174 0.2503322019381463 0.2654279180813895 0.31354181146859794 0.3371834619166033 0.43087029413571065 1.1505539434664274
105 1050 0.02890252542798805 1.0867851619534916 0.13714521787483278 0.13714521787483278 0.20595718417411826 0.24479880812287194 0.263635458913827 0.3164503043169718 0.33680749234038293 0.41183262678992627 1.0867851619534916
106 1060 0.028143229188585094 1.0433144656772158 0.13552980065923753 0.13552980065923753 0.19547462045129993 0.24534827638314563 0.26589779461842394 0.313511867721269 0.32915049753620296 0.4017926904728756 1.0433144656772158
107 1070 0.027803990330351493 1.0626530119238096 0.13233568802720586 0.13233568802720586 0.18797350070379287 0.24109906751642138 0.2637465386676829 0.30077252881315697 0.3307887466608343 0.4023614406711713 1.0626530119238096
108 1080 0.026458459425718128 1.0644717275500803 0.13053097683286255 0.13053097683286255 0.18045344355370704 0.2428446508828269 0.26006262862505697 0.3002673944512667 0.32764901781475503 0.3911266295959175 1.0644717275500803
109 1090 0.030061438890705578 1.023838487378869 0.12923875827007517 0.12923875827007517 0.17719239517173954 0.2355252293159023 0.2635117958862095 0.2998319497674462 0.31894228599168617 0.3969379073247059 1.023838487378869
110 1100 0.03277735161301751 1.0091337677617964 0.13064961788287388 0.13064961788287388 0.1795265044050521 0.22891216182405244 0.25773363564181306 0.28209175895726507 0.3154329022204119 0.4460573928363323 1.0091337677617964
111 1110 0.03273764665670536 0.9614366114139058 0.1295511054059535 0.1295511054059535 0.1720906757440083 0.22629599972573863 0.2592496808039705 0.28669627600144354 0.3122320402585223 0.4741539589174547 0.9614366114139058
112 1120 0.03468093741073155 0.9640610791490147 0.12771906734213284 0.12771906734213284 0.16887567040889792 0.2152070879074877 0.255766930428196 0.2753523375219789 0.31501065975179077 0.4773266274709026 0.9640610791490147
113 1130 0.035109319815111575 1.024208543912859 0.12502623673969382 0.12502623673969382 0.1699093659789846 0.2153085536083192 0.24985185552635272 0.26544500571764595 0.322105591277852 0.4578567322608457 1.024208543912859
114 1140 0.03673970105080947 1.0816588164250944 0.12616855690012874 0.12616855690012874 0.1672389829981108 0.21460130994670903 0.23567524927269437 0.2630278410614603 0.2960377722525519 0.4566635359514339 1.0816588164250944
115 1150 0.03927669368684664 1.043879891527821 0.12136005716715097 0.12136005716715097 0.17009454928861115 0.21119667825137695 0.23690406437414616 0.2624133777672671 0.2968021778975536 0.4557111539691266 1.043879891527821
116 1160 0.04190441738604078 1.1252639493073069 0.12194907506391744 0.12194907506391744 0.16466404848075797 0.21295535611802824 0.22767090297760623 0.2607316052865999 0.2951085735209152 0.43306222121768867 1.1252639493073069
117 1170 0.04432502246968142 1.1707299694958344 0.12132337608952118 0.12132337608952118 0.16316139187187617 0.21047130254745453 0.2323989466151389 0.2500303185919161 0.2988615210102012 0.42849166540406824 1.1707299694958344
118 1180 0.04524006058046154 1.231895500288885 0.12134182890953307 0.12134182890953307 0.15476193464775606 0.21005907818215305 0.22244354120317808 0.24659332564410472 0.29445840092770414 0.4416811435548693 1.231895500288885
119 1190 0.047026383257605914 1.2749594976091518 0.11501809724283654 0.11501809724283654 0.15519469154588053 0.21006322103799535 0.21915340784964896 0.2435226068335524 0.2876047547200821 0.4346112771288203 1.2749594976091518
120 1200 0.0457024095116975 1.2710770371401159 0.11572065645293218 0.11572065645293218 0.14654806555951946 0.20889864886294943 0.21060755802501535 0.25446787785641445 0.284566734495115 0.4382776367936657 1.2710770371401159
121 1210 0.045789167061064624 1.287956095294773 0.11599713307677226 0.11599713307677226 0.14944949974889837 0.19950323574295187 0.21005515228442947 0.24938056250392443 0.28240561446310297 0.42876507385398044 1.287956095294773
122 1220 0.049208064026474936 1.2603357468116017 0.11659809673580485 0.11659809673580485 0.14522431756896662 0.19772632047845531 0.21740792402834014 0.24129229897702364 0.28104563335241733 0.43021624108504647 1.2603357468116017
123 1230 0.05458239769488977 1.3719306584457622 0.11427922770245368 0.11427922770245368 0.14678288161658304 0.1951202594385694 0.21347978528817602 0.24565585616582328 0.27736558200381944 0.4169761554375034 1.3719306584457622
124 1240 0.054713421185980125 1.4274894357097254 0.10739110263848528 0.10739110263848528 0.1440019216974711 0.19017597774855602 0.2114620920396611 0.25711751136901373 0.2770335098875837 0.4132581786663183 1.4274894357097254
125 1250 0.055382793363500715 1.4166791944459993 0.10776860255460399 0.10776860255460399 0.14428943052287077 0.19868237255746932 0.20857714084677434 0.24852039343314314 0.2822018432744955 0.3979433053090067 1.4166791944459993
126 1260 0.057005806531767206 1.4379534537964178 0.10567326408539351 0.10567326408539351 0.14160955350984739 0.20299359734360142 0.20906195118834686 0.23698064997395338 0.28089016687428064 0.399005838973428 1.4379534537964178
127 1270 0.0638985493167952 1.453441239253354 0.10334749800491673 0.10334749800491673 0.13693464035297598 0.19855516690103223 0.2098676934246298 0.238990823241324 0.2749460269317837 0.396690473231 1.453441239253354
128 1280 0.07072127208781495 1.416243786534126 0.09977151158224734 0.09977151158224734 0.13294271708475025 0.1981121486410909 0.2099349403388186 0.2589086940585987 0.2855047276200028 0.3916913898186278 1.416243786534126
129 1290 0.06904162546833988 1.4676929493402164 0.09320586413289822 0.09320586413289822 0.13450366470964192 0.1977513063755627 0.20530800476354427 0.25962263889817366 0.2868611906511925 0.39350788873520404 1.4676929493402164
130 1300 0.06872255447109639 1.467377660368456 0.09138685332481744 0.09138685332481744 0.13050488315081832 0.19140788097640926 0.20457697710321696 0.2600304966589443 0.28016997640521546 0.38772829157190847 1.467377660368456
131 1310 0.06749166840755774 1.4125219435517469 0.08901686129132849 0.08901686129132849 0.13299295751149595 0.18697162453467886 0.21168583609972944 0.2586506232139474 0.27758832343777934 0.3827048163518498 1.4125219435517469
132 1320 0.06646005933339146 1.3981884863049927 0.08673779320513741 0.08673779320513741 0.12583537942882714 0.18288183510897316 0.2166741565446538 0.2658255439130721 0.27844391342667774 0.38310740676586935 1.3981884863049927
133 1330 0.066392488916458 1.3709640264782046 0.08484745135892774 0.08484745135892774 0.12737833810195182 0.17900369794988802 0.2155033673678546 0.26729296169295136 0.2770277141957003 0.382093115901303 1.3709640264782046
134 1340 0.07388352105712796 1.3313941108686989 0.08311129314403987 0.08311129314403987 0.12353107175737643 0.18218760279523238 0.22711761415897314 0.25653541224158116 0.27210427488863587 0.37866763142643256 1.3313941108686989
135 1350 0.07776601254027772 1.3805320895553888 0.08149322390902877 0.08149322390902877 0.11967496857426226 0.18111127773974334 0.22418832754167997 0.24950431569959344 0.2773848150228509 0.4052543073077402 1.3805320895553888
136 1360 0.08022482258352866 1.3177171812588095 0.08136557828341161 0.08136557828341161 0.12138174243967163 0.18404878072804054 0.2085086914930939 0.24684243883942425 0.2876425059189387 0.40473123799452565 1.3177171812588095
137 1370 0.07709732025792676 1.3021629381231723 0.08085668026968025 0.08085668026968025 0.11645243476414667 0.18375980106316753 0.20579214524401532 0.24820644893232882 0.2885594767686695 0.40999028880178645 1.3021629381231723
138 1380 0.06942776616453197 1.231439420282741 0.08102807577542073 0.08102807577542073 0.1152523667295481 0.18014306501265387 0.21089534289603548 0.25303887029516575 0.288055083773796 0.38869529565892097 1.231439420282741
139 1390 0.06323643084621487 1.1989117969396954 0.07928243123028433 0.07928243123028433 0.11289242625835744 0.17552931447711803 0.20508257922519288 0.2507183024580896 0.28059197982226136 0.38349464629650715 1.1989117969396954
140 1400 0.05669043455667729 1.1913394249076936 0.07842572115753502 0.07842572115753502 0.11144336837247378 0.1677050310789358 0.2061865717405423 0.23184117909745922 0.2816138706954805 0.3791313307183104 1.1913394249076936
141 1410 0.055529199847535016 1.1705730483604007 0.07924699900919044 0.07924699900919044 0.10859830993277088 0.16375352181572458 0.2014034139429156 0.2262684543952342 0.2813481334948721 0.37860594970471545 1.1705730483604007
142 1420 0.05471427876804091 1.1454596772124157 0.07863550316749032 0.07863550316749032 0.10790133856750028 0.16421203746380847 0.20367790389816598 0.22105045458084516 0.2738177028828105 0.37655234032515594 1.1454596772124157
143 1430 0.059905720900120814 1.0974860889510254 0.07784465393691657 0.07784465393691657 0.10667018005849334 0.1600459751546584 0.21105904127459746 0.21671913625441105 0.26734352721726296 0.38043118568183476 1.0974860889510254
144 1440 0.06125769553123989 1.0943073326016766 0.07396710332886144 0.07396710332886144 0.10175616671211417 0.15699618001775506 0.20997885180007467 0.22388324848036814 0.2718141277394549 0.39870951077134525 1.0943073326016766
145 1450 0.06021073541628551 1.0522636333126447 0.0741466139096994 0.0741466139096994 0.10102150092491274 0.15470218189080184 0.2122669359547695 0.22701609070982443 0.2634599634355861 0.39290732098124714 1.0522636333126447
146 1460 0.06030531309788179 1.0059857817519655 0.07398486500613417 0.07398486500613417 0.10080431038758181 0.1538345793844021 0.20715575921758575 0.22621552621929858 0.2665866134291438 0.39260343084242627 1.0059857817519655
147 1470 0.0632470218254039 0.9419954531840289 0.07382592965802144 0.07382592965802144 0.10028968293016623 0.15075712820986026 0.20422452139457797 0.2193117796384708 0.2745648841425648 0.3935286295754107 0.9419954531840289
148 1480 0.06751154434413827 0.9594180537648567 0.07383835533485567 0.07383835533485567 0.0999765880044279 0.1470551851119601 0.19546307433880644 0.21545360563184404 0.28432360036157267 0.38994981764263364 0.9594180537648567
149 1490 0.06728320911165381 0.9728347393852119 0.07254588065968758 0.07254588065968758 0.10020061592298274 0.14299064266694095 0.19340245561786953 0.21740287943377765 0.28778615715615435 0.388138272299603 0.9728347393852119
150 1500 0.07813934919219341 0.985232463473501 0.07108393066885958 0.07108393066885958 0.10249829945723797 0.14330764348139632 0.18637387355519988 0.20519378293160373 0.2847897455497052 0.38492409622966617 0.985232463473501
151 1510 0.08056710606905892 1.0152191605036769 0.07141943879536633 0.07141943879536633 0.1045287997607471 0.1412108739326067 0.18634418777597442 0.1989780709670841 0.28031114066847634 0.4009507246052946 1.0152191605036769
152 1520 0.07655328537201755 0.9889224732339542 0.06874792391404816 0.06874792391404816 0.10380520518432892 0.1394503377392673 0.18561489946632104 0.19288925551783198 0.27855868579597776 0.40342268698934164 0.9889224732339542
153 1530 0.07745911679891504 0.9377580008474579 0.06781207108214642 0.06781207108214642 0.10189444938955172 0.13548730353046087 0.17871142846863222 0.19572453345647853 0.27293510217163197 0.40741124438975035 0.9377580008474579
154 1540 0.07688280094519882 0.938336518188662 0.06543808305983143 0.06543808305983143 0.10061378007922732 0.13050354654678925 0.17936399180174334 0.19776090388797757 0.2675231684365098 0.41917754028263304 0.938336518188662
155 1550 0.07529504717201609 0.9002281477935001 0.06510113599414205 0.06510113599414205 0.10168219238258192 0.1279849239193206 0.17861076557060998 0.19083604043934024 0.2610746232999611 0.4208917530834603 0.9002281477935001
156 1560 0.07103752264394263 0.917268318681608 0.06447995345066161 0.06447995345066161 0.1019964903200276 0.12554977345997176 0.17310626138033633 0.18893971848853852 0.25944705110064736 0.40703735951092296 0.917268318681608
157 1570 0.06431846427892267 0.9044814518911144 0.06494346903007063 0.06494346903007063 0.10250476607503946 0.12724002409833604 0.1647158151619509 0.19045637306553004 0.2486403318765224 0.39005931444077424 0.9044814518911144
158 1580 0.06261447922493404 0.8856812016691935 0.06389606712757909 0.06389606712757909 0.10148831574989929 0.12449207763420315 0.16375300626599476 0.1857871051467863 0.24668089991193534 0.3891482451255149 0.8856812016691935
159 1590 0.060790445455433814 0.8800341875622084 0.06446787258943561 0.06446787258943561 0.10221651423936874 0.1181766818876044 0.15981474844846405 0.1822897203369692 0.2488058709764236 0.3791603745348322 0.8800341875622084
160 1600 0.062212334619927735 0.8475865788433146 0.06581159551313652 0.06581159551313652 0.10185509400672761 0.11665061182166893 0.1613044417482435 0.18141747056778199 0.24818906140925318 0.3596441210766333 0.8475865788433146
161 1610 0.057496134123648145 0.8682450921258392 0.06564453326247599 0.06564453326247599 0.10126953900412028 0.11115761570058123 0.15182759987015862 0.18723913783733578 0.24946380292660628 0.3496402340546339 0.8682450921258392
162 1620 0.05157595734155795 0.8441397443148481 0.0637894970008974 0.0637894970008974 0.09970276710732681 0.10502025001975768 0.15076776558231336 0.1861332105321686 0.24877808930595383 0.3484392582122043 0.8441397443148481
163 1630 0.053469043764419306 0.8386019676782507 0.06570076720407435 0.06570076720407435 0.0988969882187896 0.10448284573635121 0.14479875070272902 0.18189694902781972 0.23841760001090298 0.3422165894136862 0.8386019676782507
164 1640 0.06291180866562092 0.866937691209472 0.0651968314628946 0.0651968314628946 0.09769173519808479 0.10287681208756537 0.14445736410115395 0.18438871711903038 0.23154077339332235 0.34261448021241625 0.866937691209472
165 1650 0.0617832344711127 0.878658295471361 0.06884921670158138 0.06884921670158138 0.09322085197510878 0.101116493876993 0.14467870860958185 0.18159720251641237 0.2303260111725765 0.3611215627694981 0.878658295471361
166 1660 0.059085854289182976 0.8776526496910364 0.06948226213495133 0.06948226213495133 0.0928013500858286 0.10180316461669114 0.14706436355268807 0.17667971842630434 0.21691721207327194 0.34375360782144676 0.8776526496910364
167 1670 0.06278754838525456 0.8424524179669366 0.06888280968727997 0.06888280968727997 0.09181932689001343 0.10098049466369284 0.1435787807548186 0.1748407705186767 0.21342445215775527 0.3548690780967052 0.8424524179669366
168 1680 0.058421803899887534 0.8581502508740965 0.0649493140539952 0.0649493140539952 0.09765707700335562 0.10065428007138126 0.14080940190555694 0.17357176431074428 0.21101382144039563 0.35000557925259707 0.8581502508740965
169 1690 0.054688811096956 0.844656578409079 0.0637641844012292 0.0637641844012292 0.09481258207577463 0.09899110079874379 0.13868004141133683 0.1741399752073033 0.21016636226759716 0.3438733641648456 0.844656578409079
170 1700 0.04999678321395551 0.8357744608472536 0.06141160347276935 0.06141160347276935 0.09206398810611724 0.09804131185622782 0.13510628267868127 0.17120714202818987 0.20687965956940244 0.3463072887958352 0.8357744608472536
171 1710 0.048996900494663806 0.8092992596178098 0.06022334375603584 0.06022334375603584 0.09032963428743285 0.09707670284088041 0.13568864323896873 0.17205887030003372 0.20890878969124094 0.32200554514072427 0.8092992596178098
172 1720 0.048223724326881635 0.8306940744163088 0.05910890783118741 0.05910890783118741 0.08811779569097423 0.09739156866288148 0.1320347030508425 0.1662258196068086 0.208658008724888 0.3223093028852086 0.8306940744163088
173 1730 0.04496801727422774 0.8381342165367417 0.057690054953000815 0.057690054953000815 0.0863497728999652 0.09373392509196565 0.13112365825047181 0.15939234118500722 0.21225147170047984 0.32069710169041543 0.8381342165367417
174 1740 0.04157951342244594 0.8355967652802067 0.05722141860486976 0.05722141860486976 0.0843610670542375 0.09445477543429119 0.13108123277343456 0.14984196535271455 0.20908913090054704 0.31717890667455545 0.8355967652802067
175 1750 0.03855498615536116 0.8432649946685004 0.057679761411451945 0.057679761411451945 0.08280855857667553 0.09302248516100751 0.12453916843313727 0.14644138864156372 0.21213455771997583 0.31023362273483834 0.8432649946685004
176 1760 0.036455845585412205 0.8464924839248535 0.05811969815314668 0.05811969815314668 0.08130134010202371 0.0908927633541599 0.12273818476007728 0.14096150890525946 0.2054888043766096 0.303028167015487 0.8464924839248535
177 1770 0.036532470354793456 0.8661115163594197 0.058749540601348633 0.058749540601348633 0.07624375642429967 0.09050695690082236 0.12199141121868816 0.1371020935337082 0.205184192925724 0.29617549084371003 0.8661115163594197
178 1780 0.03608508517437499 0.8898024301938163 0.05645611384142509 0.05645611384142509 0.07580637704047456 0.08834826582781852 0.11892545142550696 0.1345929832776204 0.2007001609839392 0.31654020503189617 0.8898024301938163
179 1790 0.03955650806891477 0.8890795980268578 0.05694095101819243 0.05694095101819243 0.07281483778882222 0.08690554371227192 0.11521218396253985 0.13151231832714697 0.2051338954043486 0.32154776221976894 0.8890795980268578
180 1800 0.0380938796207496 0.9314026270014706 0.05677976153055493 0.05677976153055493 0.07444564828487005 0.08240117168408971 0.12069941165296605 0.1250678372728403 0.212027323567048 0.32439943688473544 0.9314026270014706
181 1810 0.037871169694614626 0.91140561403067 0.05611302105198909 0.05611302105198909 0.07140042305143288 0.08178922451364233 0.1181678273575266 0.12475080099566759 0.20836450643219828 0.31711814038964975 0.91140561403067
182 1820 0.037494012122527585 0.8431622665823851 0.05412944142487056 0.05412944142487056 0.07052128976916314 0.08177008408356537 0.11934852354756549 0.1308501781454135 0.20712692260536902 0.3107363965011095 0.8431622665823851
183 1830 0.03918660227421493 0.7986336938892971 0.05286515543043318 0.05286515543043318 0.07037251367505029 0.0811200510226662 0.12284186715384925 0.1300270431839568 0.2065157554175578 0.3075998768827783 0.7986336938892971
184 1840 0.042599428513238474 0.8128980271856217 0.05305196126186023 0.05305196126186023 0.06638882856841306 0.0773601484864319 0.12048971237538103 0.13504344122227926 0.21303886914834316 0.3119166854143408 0.8128980271856217
185 1850 0.04410325439494599 0.8516518742634418 0.05150489294156124 0.05150489294156124 0.06668425667357829 0.07559830511331704 0.11774688636933948 0.13533286927181912 0.20935316033802026 0.31487108481818726 0.8516518742634418
186 1860 0.04110891724574566 0.8357611772648958 0.05116831406444147 0.05116831406444147 0.06555642918628377 0.07410370503176537 0.12066618997007594 0.13297481867366076 0.20377172751631342 0.3079854546520855 0.8357611772648958
187 1870 0.040124864170701886 0.8279236448908126 0.0480922517266586 0.0480922517266586 0.0662750737860472 0.07571377135824144 0.11784745518061489 0.13088870840624608 0.1974361416904206 0.297426695888164 0.8279236448908126
188 1880 0.03830821732974943 0.8335674502030869 0.04720568334270827 0.04720568334270827 0.06741641799572323 0.07471328127221333 0.11494275437250102 0.129127852241458 0.19610866081125428 0.2863297671355897 0.8335674502030869
189 1890 0.036426560852806086 0.8016283149213671 0.04774787056203612 0.04774787056203612 0.06514130061524355 0.07381424271566896 0.11319836145358365 0.12806570437900944 0.19479411994921228 0.2840919307959858 0.8016283149213671
190 1900 0.03753000363655673 0.7779140584487794 0.04712086339992554 0.04712086339992554 0.06458745911482673 0.07453713751101976 0.10842703692630075 0.12863210380515255 0.19421328466524182 0.27860081490930166 0.7779140584487794
191 1910 0.04143782868185496 0.8158210672883042 0.04658021104342078 0.04658021104342078 0.06433793766290603 0.07378253416717533 0.09910387596502629 0.12888300066924874 0.19486148043542587 0.28632681184343256 0.8158210672883042
192 1920 0.04336678071238928 0.8950519828056547 0.046479823441145804 0.046479823441145804 0.06272044310388317 0.07172850096899541 0.09944408444346334 0.12813651464431716 0.18963749435234045 0.28988639432184937 0.8950519828056547
193 1930 0.04223845579585603 0.8958555820405874 0.04785155122659214 0.04785155122659214 0.05926660616537279 0.07108667541187592 0.09995313841468006 0.12595660718050367 0.18791387418407207 0.28496325193299527 0.8958555820405874
194 1940 0.03920871704793794 0.9198089668019183 0.048003499849567574 0.048003499849567574 0.05775023758177066 0.07017568637297632 0.09991899938149136 0.12403839318400148 0.1809781407549002 0.2800297587974255 0.9198089668019183
195 1950 0.03649450373222849 0.9275917464113643 0.04805402653221582 0.04805402653221582 0.056814532001588355 0.06847488900582183 0.0970719198290737 0.12258213959733892 0.18317652719266225 0.2751414441060989 0.9275917464113643
196 1960 0.03502611143893335 0.9210755945645042 0.04877063987383812 0.04877063987383812 0.05656224244523904 0.06801037681711754 0.09434544725949413 0.12235056364556243 0.18298994988301728 0.26317977962348393 0.9210755945645042
197 1970 0.03301601236883556 0.9115944248835494 0.04767729163064744 0.04767729163064744 0.056242845844298776 0.06631036337443529 0.09256519229782903 0.12054640731032586 0.18200825601943718 0.2584389258698144 0.9115944248835494
198 1980 0.03206129135765931 0.8804935862900589 0.04649158341909154 0.04649158341909154 0.05693322850085909 0.06480449018869004 0.0904199686467685 0.12062133356841806 0.17844369698177157 0.26110200095975256 0.8804935862900589
199 1990 0.032105996665596624 0.8756412703626795 0.046285984133169304 0.046285984133169304 0.05601957013769073 0.06671642653907006 0.09422041895313042 0.11969545521381873 0.1703765024925084 0.2517040021466897 0.8756412703626795
200 2000 0.03225593732620284 0.8718450926513812 0.04395166615394875 0.04395166615394875 0.055734543287510534 0.06914003472288781 0.09176992556141693 0.11477935343551926 0.16931533919834976 0.2594319562822554 0.8718450926513812
201 2010 0.03411695867627991 0.8393537944508979 0.044187779820854645 0.044187779820854645 0.0560420245032647 0.06999293766244583 0.09121452114594718 0.11332402242459266 0.16246520999330938 0.26019347654795516 0.8393537944508979
202 2020 0.031115637793278996 0.8336482665111785 0.04364603998496665 0.04364603998496665 0.05759328619900549 0.06977722662428253 0.0914290952727716 0.10992876004740323 0.1612918625768649 0.2640373058925241 0.8336482665111785
203 2030 0.02713741735334936 0.8363893041014763 0.042559070641714665 0.042559070641714665 0.05695318041639071 0.06761303282987705 0.08614202029240105 0.10818577092226969 0.16169428989773682 0.2633514455009118 0.8363893041014763
204 2040 0.02687946100302186 0.8006746577945804 0.041484337332862165 0.041484337332862165 0.05778353350103737 0.06585959298390305 0.08449862441354192 0.10623396854302734 0.16172544326007524 0.2513288416135136 0.8006746577945804
205 2050 0.02785462067917342 0.792231748952849 0.04184012198338553 0.04184012198338553 0.056108895490175635 0.06554546980146071 0.08590072181315468 0.10337898637572164 0.1617080805496825 0.2504618487264851 0.792231748952849
206 2060 0.029102851478506934 0.7973925505844737 0.04191622750376289 0.04191622750376289 0.05528519050422798 0.06419692992101143 0.08743698128303823 0.10400835692058157 0.16348507126867126 0.2476015441858185 0.7973925505844737
207 2070 0.028445460080808168 0.8159760544040834 0.04161627346879438 0.04161627346879438 0.055699109037563255 0.06462279562842589 0.08781658865296746 0.09831362202194362 0.15604641939923342 0.24773637544940486 0.8159760544040834
208 2080 0.028040463252512984 0.8478569780923352 0.041909186238381586 0.041909186238381586 0.052111012614150735 0.06615598525339508 0.08482484853149802 0.09749178253117127 0.1501037568039846 0.2474925696944929 0.8478569780923352
209 2090 0.026912714308105837 0.8345254162205763 0.040900254110557734 0.040900254110557734 0.05148386785017787 0.068410233142673 0.08334706515455424 0.09533385910330662 0.1470555509575558 0.24245366634070814 0.8345254162205763
210 2100 0.02467239916912351 0.8296129245259474 0.03936547428938379 0.03936547428938379 0.05092213013475544 0.06937283890022565 0.08174452772339885 0.09329609700984746 0.1451917815388339 0.23385049429264634 0.8296129245259474
211 2110 0.025581326891994282 0.8219506784466484 0.039560055824483215 0.039560055824483215 0.04990876001248235 0.06888172660386732 0.08001426763327857 0.09335303679132677 0.14232649560779334 0.22336869561522502 0.8219506784466484
212 2120 0.02461917600516355 0.8395477953541616 0.041797013763843344 0.041797013763843344 0.049401820178584306 0.06749631535790529 0.07823045125939664 0.09327466589892486 0.14759842195423523 0.21111953262640842 0.8395477953541616
213 2130 0.02532634060634246 0.8088955431942233 0.04205463572320064 0.04205463572320064 0.048347932863294085 0.06647744842263832 0.07937653584688896 0.09110850451971285 0.14513680968000658 0.21018653664370396 0.8088955431942233
214 2140 0.028104658733990456 0.8318957963452923 0.04095448296122067 0.04095448296122067 0.048141430564722025 0.0705020849755752 0.07719925842572327 0.0884700438023404 0.14103392240842363 0.20639658529491062 0.8318957963452923
215 2150 0.03279304473065577 0.8199906000251801 0.04070342262411644 0.04070342262411644 0.05009307026256709 0.06683454759274135 0.07785557256328321 0.0885679150151596 0.14388673526902182 0.21306928826120955 0.8199906000251801
216 2160 0.03452497306709361 0.8185689416922505 0.04139631926748365 0.04139631926748365 0.05053794422136436 0.0632237322455119 0.0758114615579188 0.08858324233468483 0.14849276670534195 0.2222367585684259 0.8185689416922505
217 2170 0.03196130801257976 0.7994605145788538 0.04199575312548558 0.04199575312548558 0.051276145838944916 0.062182019867632124 0.07180918185330877 0.08599103921893873 0.14758382962635813 0.2264554050922747 0.7994605145788538
218 2180 0.031684116774850536 0.7605851399010531 0.0416856546368506 0.0416856546368506 0.05094863282194678 0.06137203542115686 0.07148684075145458 0.08557356284989785 0.15061663853183946 0.21854635280350884 0.7605851399010531
219 2190 0.028406154762082674 0.7719135806522528 0.04291957211271931 0.04291957211271931 0.04879994713606876 0.06097994529363487 0.07210440035748505 0.082077195594194 0.14876593077048245 0.21502169823940942 0.7719135806522528
220 2200 0.02630982374489874 0.7647130417084189 0.04300834400598368 0.04300834400598368 0.04711880003994146 0.060419719861386105 0.06932468598119207 0.08316446325863261 0.1446481576305758 0.21023462502632564 0.7647130417084189
221 2210 0.026841993786967965 0.7705395113784571 0.04204603137388864 0.04204603137388864 0.0448948874945157 0.05824860911758178 0.06851184166087158 0.08263194973886415 0.14192411232203375 0.20598292483714126 0.7705395113784571
222 2220 0.03332699756417193 0.7933505323632492 0.04061647681094182 0.04061647681094182 0.044626140838992245 0.0570268310119155 0.06732801252421887 0.08473146411078673 0.13512378321914958 0.2075153521981296 0.7933505323632492
223 2230 0.03479965379473765 0.8345665504171992 0.039412552648051165 0.039412552648051165 0.045534162134971655 0.05754972573798451 0.06588519302835062 0.08618942745458254 0.13775046940492156 0.20985448343305144 0.8345665504171992
224 2240 0.032135285387613004 0.8306772279378385 0.039152590253260657 0.039152590253260657 0.04526061249487274 0.056512129647645584 0.06284030782981205 0.08427242352432304 0.13856303268080689 0.20358981998632025 0.8306772279378385
225 2250 0.03614827853106981 0.7906315372287874 0.037764019763284355 0.037764019763284355 0.04590268396409244 0.05588805426565902 0.06327356465830344 0.08387716807020654 0.13522455954854626 0.20529045726755843 0.7906315372287874
226 2260 0.042819602308781714 0.7973122838310528 0.03675470983819261 0.03675470983819261 0.04627157766996049 0.05632194003938306 0.06248028352187071 0.09235502503225562 0.13546064812150682 0.19805069602142328 0.7973122838310528
227 2270 0.04360466612319965 0.8001485631292127 0.03668299695420278 0.03668299695420278 0.04435386142800496 0.05768525576891449 0.06369738091897262 0.09376962520122717 0.1372710813301187 0.20213648119875716 0.8001485631292127
228 2280 0.04702753842682586 0.7796169162477822 0.03658205767016534 0.03658205767016534 0.044022083360812966 0.057911505033779676 0.06448916507254822 0.0919286556268043 0.13701445094279396 0.1949485117078859 0.7796169162477822
229 2290 0.04796303486712852 0.781418791948126 0.03477282093687798 0.03477282093687798 0.044289476950985104 0.05704970375188866 0.06585472542358393 0.09161750450812231 0.14459945328296925 0.19164674398409942 0.781418791948126
230 2300 0.049634754046957046 0.7348170106512764 0.03484434902797775 0.03484434902797775 0.043963654092384556 0.05891418473847131 0.06551249332133104 0.09207170952655529 0.14164859526578122 0.1838802557674573 0.7348170106512764
231 2310 0.05312339492664884 0.7434930722437594 0.03517038913040733 0.03517038913040733 0.044503379693542296 0.05759922587483844 0.06517011788315856 0.08700294880567608 0.14212931873209725 0.17794505281461645 0.7434930722437594
232 2320 0.050757101315677726 0.752990985757057 0.03577838087828762 0.03577838087828762 0.04401291628025863 0.05709139125887639 0.06272698816224075 0.08729151795700792 0.1410059068121794 0.17715194973681755 0.752990985757057
233 2330 0.05142992601834638 0.7783082243238717 0.03581714503181934 0.03581714503181934 0.043361109122931285 0.05565961553086453 0.06160022808522294 0.0858436804205794 0.13785778064002752 0.1675936233662391 0.7783082243238717
234 2340 0.05743656499168735 0.7992083867751874 0.03467986946515611 0.03467986946515611 0.04318364169726412 0.054829463110236946 0.058668134405924395 0.0874930994602489 0.1359298434018784 0.16591618891092136 0.7992083867751874
235 2350 0.059050476266522156 0.875107006819339 0.034859671947274795 0.034859671947274795 0.04217935036523068 0.054312585877465576 0.05828502429084083 0.08578227797291187 0.13717849304161397 0.15939558846978696 0.875107006819339
236 2360 0.060377003289615164 0.8496870035386376 0.03425611063284756 0.03425611063284756 0.04181309164285349 0.054366126276935677 0.05750786325353851 0.08383792180590376 0.13618766519921177 0.15627804368761986 0.8496870035386376
237 2370 0.05479692939831251 0.88064959422531 0.03411426443967365 0.03411426443967365 0.04170645519638994 0.04847448951431686 0.056971272873871354 0.08926835746212881 0.13457865930400628 0.15581908666090613 0.88064959422531
238 2380 0.051590063332542256 0.8443068109620292 0.034194779736367927 0.034194779736367927 0.040856615252876934 0.04757304809828666 0.05813620439358962 0.08684342463362554 0.13115845330540996 0.1510978606368079 0.8443068109620292
239 2390 0.05077524496855263 0.8385484313178482 0.033294102592717714 0.033294102592717714 0.03852962755509166 0.04881693511457599 0.056163344324186536 0.08574253988897723 0.12706151555551726 0.15160333844254442 0.8385484313178482
240 2400 0.04840918997923477 0.871392355062225 0.032292235209452944 0.032292235209452944 0.03613184837698342 0.048535758761631416 0.05745765470822083 0.0852261232764407 0.12463323357362209 0.14770527867768218 0.871392355062225
241 2410 0.05102010684283191 0.8615085393286954 0.0313176025429119 0.0313176025429119 0.037301937205630936 0.048166121838727254 0.057297569073081436 0.0866152201718407 0.12122920096148349 0.14471807194239691 0.8615085393286954
242 2420 0.05664720757113977 0.8623240656076685 0.0314484849927615 0.0314484849927615 0.03758102548117046 0.04745903773592989 0.058967238143851054 0.08447644856960278 0.12076143020753137 0.13868867651387254 0.8623240656076685
243 2430 0.054172896679399334 0.8347361737295436 0.03248874587095411 0.03248874587095411 0.03855809660559941 0.04605044371827171 0.06242951315685266 0.08713979327959984 0.115167039918943 0.13794592871766767 0.8347361737295436
244 2440 0.05166945157645633 0.8189491079972319 0.03239314174863837 0.03239314174863837 0.03822987372007457 0.046369458351936566 0.060916032720796626 0.0860602951004107 0.11229860419186169 0.1374915736577443 0.8189491079972319
245 2450 0.05134272070971422 0.8401565432047907 0.032045151472042274 0.032045151472042274 0.03718119971679607 0.044476606751750206 0.06059530489562108 0.08183095318067957 0.11257100463384828 0.13807271308373223 0.8401565432047907
246 2460 0.04703070845934419 0.8390672870284565 0.031616541517562886 0.031616541517562886 0.03777467690263445 0.04260481105241428 0.05913860460519763 0.08070512280830805 0.10887039366780762 0.1449839210267095 0.8390672870284565
247 2470 0.041636133615669965 0.828632958969236 0.03205398628142018 0.03205398628142018 0.03789368857924857 0.043659061504923935 0.05612571446238885 0.08103950963607034 0.10804101193632284 0.1404989339771617 0.828632958969236
248 2480 0.04111691282733354 0.756184916826064 0.031896196891815866 0.031896196891815866 0.037766415536032834 0.04477410414371345 0.05571101493752461 0.08115907010570339 0.10671037190401417 0.1355119618108673 0.756184916826064
249 2490 0.045680467991085785 0.8103383339842338 0.03100762371629873 0.03100762371629873 0.036791541748506774 0.04471692758114349 0.05431355829817914 0.08124149635611631 0.10630085576309074 0.1307261547168208 0.8103383339842338
250 2500 0.050133811725788395 0.8793712413091846 0.03080036172704052 0.03080036172704052 0.037065839738026386 0.043297437014052975 0.053685512222182756 0.08140123685523185 0.10439569133957655 0.12878671290593002 0.8793712413091846
251 2510 0.05123816980216948 0.9420346853793421 0.030891011893783567 0.030891011893783567 0.036203433840002096 0.04317896427870459 0.05386978662867919 0.0794765020890641 0.10106549411421736 0.12795840985231788 0.9420346853793421
252 2520 0.05185161636176902 0.9669486477943118 0.029832968515800095 0.029832968515800095 0.03598122464711564 0.04292098915638314 0.05248620033349326 0.07477087180270142 0.10119285492138129 0.1266826159806428 0.9669486477943118
253 2530 0.0539027905532969 1.0281270235183184 0.02892321985171334 0.02892321985171334 0.035676713165592115 0.041356237938153996 0.051964859455989706 0.07220668258236004 0.10018451574970681 0.1250292697092372 1.0281270235183184
254 2540 0.05399190323079102 1.1084927365006372 0.02743501735582159 0.02743501735582159 0.03524590665233032 0.041605189115792855 0.051577494062193745 0.0708599252077635 0.09912174167392178 0.11841564642969186 1.1084927365006372
255 2550 0.058793501159504956 1.1306224059228276 0.026849467242479472 0.026849467242479472 0.03560712210652008 0.041046588939514315 0.0474484582314326 0.07024283662693499 0.10302869609889816 0.11419329400241242 1.1306224059228276
256 2560 0.05811193227065678 1.0456764177370101 0.028331397915124363 0.028331397915124363 0.035918252172396775 0.0409643272976973 0.04634616468500914 0.0710760024560958 0.10579848607228595 0.11093660007942675 1.0456764177370101
257 2570 0.054136501934840285 0.9843921880345513 0.02812226781880284 0.02812226781880284 0.037221105222722956 0.04000188006493081 0.04605212541422781 0.06922426512166581 0.10489460092646978 0.10726929397387683 0.9843921880345513
258 2580 0.04818121690387302 0.9723487232661918 0.027397603993656403 0.027397603993656403 0.03628058047993243 0.03867286793848687 0.046746667299472924 0.06875614053787779 0.10207026107771543 0.1055906177826594 0.9723487232661918
259 2590 0.042398506315104854 0.9682664834011401 0.027578803088199197 0.027578803088199197 0.036079487722549645 0.037075592060397435 0.04482708024888107 0.06637931784578376 0.10098377031683517 0.10460069576306674 0.9682664834011401
260 2600 0.041101071215805925 0.9542358678576087 0.027480186541268756 0.027480186541268756 0.03487660675274826 0.03649670599990959 0.04225767682077043 0.06511271217841572 0.1014516402041222 0.10294213210304225 0.9542358678576087
261 2610 0.039368150900018016 0.9610636837912331 0.026945469783868383 0.026945469783868383 0.033344921574513034 0.037914098920549345 0.04153697436564217 0.065916980596407 0.096259410437358 0.10528112594847934 0.9610636837912331
262 2620 0.03869477097157531 0.962424237576377 0.02517747741365886 0.02517747741365886 0.03224272858580947 0.037035537425935836 0.04220279863072528 0.0661862106859275 0.09555767848330894 0.1053987085664049 0.962424237576377
263 2630 0.04641284895618829 0.9969593382955018 0.025240690882792627 0.025240690882792627 0.03199681658964366 0.03711717186475784 0.04287292863533779 0.06375565797923713 0.09055121858138471 0.10401055393514143 0.9969593382955018
264 2640 0.04426119238080112 1.0584932724216802 0.024360666665225416 0.024360666665225416 0.03171213046087993 0.03648952857083826 0.04266867059198496 0.06340417531819778 0.08911843332462903 0.10335267441563158 1.0584932724216802
265 2650 0.03836696480640677 1.0317222353154492 0.024416087665257404 0.024416087665257404 0.03137657175162455 0.035629251399812364 0.042696328898998256 0.06230936909334534 0.0845002295948519 0.10061512753808367 1.0317222353154492
266 2660 0.03554184759414417 0.987739137428356 0.023882580437735966 0.023882580437735966 0.03115102328921736 0.03490317134405141 0.04157584146917595 0.06127771164053543 0.08446342614291066 0.100259443025176 0.987739137428356
267 2670 0.030877059175344716 0.9695673170664374 0.02352247317126199 0.02352247317126199 0.030243653727408185 0.03506561730461912 0.04065273708304525 0.0614089934508108 0.08006766251554658 0.10162645744482951 0.9695673170664374
268 2680 0.0281193487466183 0.951250739565218 0.023202997921048067 0.023202997921048067 0.030393935275936795 0.03451491163523439 0.039886714008882634 0.05970006493961917 0.07843852490923882 0.10224871483624376 0.951250739565218
269 2690 0.027806257854071606 0.9463148949370339 0.02263249201083918 0.02263249201083918 0.029294579293971924 0.03360901926789259 0.0411447117906313 0.05906066669615635 0.07794532924327102 0.1003892993333901 0.9463148949370339
270 2700 0.026485922443547867 0.9275121123863185 0.021827719296954158 0.021827719296954158 0.03060145717574541 0.033902868420105335 0.04009600939743233 0.0581356569657711 0.07774109484968368 0.10018357065871382 0.9275121123863185
271 2710 0.025947925149475134 0.9206090680889457 0.021326688308870488 0.021326688308870488 0.03080367942931677 0.032669451939666784 0.04014339716626151 0.056493940307569226 0.07495979827013938 0.09855219701511636 0.9206090680889457
272 2720 0.024066362070317582 0.8798728515262718 0.020998331472572532 0.020998331472572532 0.031486445673554055 0.03230627222523915 0.03956357932215841 0.05418687880211615 0.07575679695276873 0.09730811466386313 0.8798728515262718
273 2730 0.021259343308425546 0.8805976903360856 0.021294948374100942 0.021294948374100942 0.03088257604806223 0.03151441245185205 0.039497666179479356 0.05288439322580116 0.07509842982903736 0.09110995142615981 0.8805976903360856
274 2740 0.020647356337291298 0.8082353181691104 0.02087933888761061 0.02087933888761061 0.03074324443395565 0.031508716975022534 0.03986412653294185 0.05232522759409054 0.07341136350436447 0.08983798689313871 0.8082353181691104
275 2750 0.019814868762681553 0.8173144734758417 0.02043497055443957 0.02043497055443957 0.031249691213431807 0.03172363343881916 0.0395181655965225 0.050479644122628176 0.07058567535519926 0.08884549001329642 0.8173144734758417
276 2760 0.01951623994079989 0.8478790044836609 0.020305454703776735 0.020305454703776735 0.029855348342595258 0.03201348805291228 0.03867558388155733 0.047505295931347745 0.07026974174521108 0.0884190128036362 0.8478790044836609
277 2770 0.019732616484854592 0.863022800478291 0.02074716018150876 0.02074716018150876 0.029058096538472494 0.03212247785156248 0.038307949639274225 0.04435006675826274 0.0689814762613158 0.08781642313982783 0.863022800478291
278 2780 0.020979481925949377 0.9066234177336843 0.020423670924239166 0.020423670924239166 0.02822487017982082 0.03153659428514871 0.038401179556219585 0.04272646028870402 0.0675544542931383 0.08717216798598501 0.9066234177336843
279 2790 0.024369895937523194 0.9663018865304565 0.020598630832913124 0.020598630832913124 0.027675155163571434 0.03072956198564875 0.03738469694860699 0.042159611457058155 0.06689371618848428 0.08481030021158938 0.9663018865304565
280 2800 0.02538184252948932 1.0053441498286184 0.020474445563418906 0.020474445563418906 0.027353955087083603 0.03273758915851711 0.03574519267867572 0.04284632106634651 0.06675373060858802 0.08606908843093372 1.0053441498286184
281 2810 0.026324409254382973 1.032320903860201 0.02020673584630976 0.02020673584630976 0.026674981204231344 0.03275526752460861 0.03628790465056264 0.04273162982475538 0.06257603417238435 0.08541567387981872 1.032320903860201
282 2820 0.0228067142313831 1.0465103683982884 0.020199744280260844 0.020199744280260844 0.02557729249948266 0.032897844091003055 0.03526485858817202 0.04289390711699168 0.062009360518640956 0.0837514149662525 1.0465103683982884
283 2830 0.021475620199104536 1.0497736564106674 0.020096682588180044 0.020096682588180044 0.025398626190142166 0.031577081128268035 0.03474114609816142 0.042815860800445735 0.05859367676554484 0.0823471828133408 1.0497736564106674
284 2840 0.019945384041421377 1.0642682133166268 0.020270493450689896 0.020270493450689896 0.02555475373160501 0.03105352824235253 0.033651644581356804 0.04162694733660574 0.057736348940738674 0.07820637912192009 1.0642682133166268
285 2850 0.01959688608679053 1.047467473470724 0.02006191003291449 0.02006191003291449 0.025217389979666795 0.0305855136631807 0.03260198899095429 0.04084593138971965 0.054954011728550786 0.08058646443760532 1.047467473470724
286 2860 0.019332116289071662 1.0453888593866052 0.02155526916629686 0.02155526916629686 0.024151183333974383 0.030736478852606452 0.03185132577288914 0.040038198061916566 0.052679288596906695 0.0801966414891282 1.0453888593866052
287 2870 0.016907933954295146 1.0832596728236377 0.02097877239338723 0.02097877239338723 0.024428623174629422 0.029772608361989847 0.030996599450501053 0.039334375260929144 0.05086181793359833 0.08012106508360761 1.0832596728236377
288 2880 0.016800577639127373 1.0431440412027504 0.020846820244184622 0.020846820244184622 0.024363045777888788 0.029556108056714527 0.03046534644351157 0.03758340506994634 0.049120154895572164 0.08045198916511619 1.0431440412027504
289 2890 0.015721537375729813 1.0551602714132282 0.02061638387310923 0.02061638387310923 0.022919363861326657 0.029978750616954368 0.030500175602936344 0.03584715100350154 0.050992251556779895 0.08034470729294417 1.0551602714132282
290 2900 0.014951536174568715 1.0067539446481537 0.020406738689999572 0.020406738689999572 0.022597868818309774 0.029053708431211283 0.03072471745897685 0.03496006054335319 0.05230843081466551 0.07986690774815869 1.0067539446481537
291 2910 0.013301045754900032 1.010256928038195 0.019336634893652938 0.019336634893652938 0.022370407268547114 0.0287677575048564 0.030456776056812167 0.03396413643235478 0.05194222571738079 0.079690573616753 1.010256928038195
292 2920 0.011427179433270753 1.0079915098484336 0.019049705359453824 0.019049705359453824 0.02173080490214015 0.027641784475818717 0.030444184716719377 0.03424915017791718 0.051858711091961544 0.07439018271068966 1.0079915098484336
293 2930 0.01086249125422482 1.0160688342367967 0.01893634792650563 0.01893634792650563 0.021405285574161152 0.02604000963826262 0.029798661650338322 0.03376304421067132 0.05003532873448565 0.07480286450228273 1.0160688342367967
294 2940 0.010114007586943662 1.0209471955464189 0.01871346100655218 0.01871346100655218 0.01997837810242416 0.026457543185936183 0.029295852080101024 0.033712968311557324 0.049693997574655535 0.07387418079077022 1.0209471955464189
295 2950 0.008728362454400498 1.008685793136541 0.018748821498064238 0.018748821498064238 0.0197837478125529 0.026501942836688965 0.028108026531803727 0.03344653313256372 0.04821675891403391 0.07290966652607656 1.008685793136541
296 2960 0.007915511106660035 1.0066408865680143 0.0185231324030054 0.0185231324030054 0.019785513935747345 0.02594289706777234 0.02786176555359166 0.03245905305604787 0.04668997784707499 0.07006433034494725 1.0066408865680143
297 2970 0.00730270911737714 1.0091958274574406 0.018407669802343492 0.018407669802343492 0.01955739618504551 0.024389566436433318 0.027680208654685148 0.03185907667242162 0.04697911982672266 0.06735167632200993 1.0091958274574406
298 2980 0.006532846307814948 1.0137939761728214 0.01878469758519255 0.01878469758519255 0.019906655919595805 0.02446101262869147 0.026149654016938445 0.03036378806825568 0.04636010907268678 0.06728481641280565 1.0137939761728214
299 2990 0.005801958232359898 1.001496634002328 0.018209506568516602 0.018209506568516602 0.01949381180416987 0.024129569189712027 0.025320924601396337 0.02940599498556377 0.04573851448205676 0.06699304806001286 1.001496634002328
300 3000 0.00511689423276576 0.981685409738232 0.01806129382156144 0.01806129382156144 0.01945128094885878 0.024329230462384673 0.02460025591270636 0.02891048314078917 0.04459939405591785 0.0631734884541129 0.981685409738232
301 3010 0.004552847108580742 0.9766957298775749 0.01791902355997013 0.01791902355997013 0.01937186155192098 0.023434290095258437 0.024154761973781295 0.02867599991203046 0.04359492361171746 0.0601441440327979 0.9766957298775749
302 3020 0.004160957222009587 0.9806294720064586 0.017302910379821384 0.017302910379821384 0.019524010292266317 0.022536187655489613 0.023253158111993372 0.02836476717543693 0.04266929190301418 0.058779803446251826 0.9806294720064586
303 3030 0.0038370857138893886 0.9521030949105198 0.017412058551853703 0.017412058551853703 0.01941086963426749 0.02119769733232708 0.023599262754045728 0.02702882997616797 0.04244242329355898 0.05811807898247946 0.9521030949105198
304 3040 0.0034001223192410635 0.935653523291425 0.01745875061243038 0.01745875061243038 0.019645811189466567 0.020886917318642607 0.02270230649321465 0.027316632146573427 0.0417959835614753 0.055312762518009345 0.935653523291425
305 3050 0.003363089613186374 0.9622467359910089 0.017294603967848984 0.017294603967848984 0.01958325333034816 0.020981621373766576 0.022443741541023757 0.026949495246500584 0.03853189385658816 0.05354668731011313 0.9622467359910089
306 3060 0.003260530301032403 0.9668994439840034 0.016622989407395365 0.016622989407395365 0.01966294814559663 0.0214445915405934 0.023247670981877723 0.026974751337811697 0.03596375811688131 0.0512706972562159 0.9668994439840034
307 3070 0.002885385917303051 0.9865868343297277 0.016839093583059548 0.016839093583059548 0.01930120005566267 0.020762235912193804 0.023331296070877472 0.026662252339288657 0.03465498014441599 0.0498034600036976 0.9865868343297277
308 3080 0.002737799117792054 0.9834471997031675 0.01679458127684758 0.01679458127684758 0.018943614320460787 0.02002380457242679 0.023544754460847805 0.025660800286507874 0.03464590228064783 0.04840596587200653 0.9834471997031675
309 3090 0.0023734343917123455 0.9491968888085964 0.01696217003493082 0.01696217003493082 0.018573199681765424 0.020633457883817038 0.022923156437089243 0.02615176463146038 0.032768932342607804 0.04797152816966598 0.9491968888085964
310 3100 0.0022113687883450954 0.9482420121456787 0.01675551750312056 0.01675551750312056 0.018388788975828494 0.020128250654261368 0.021597828715346944 0.02549771268803528 0.03249145087026251 0.04713596643632741 0.9482420121456787
311 3110 0.0019950106633336052 0.9413235521238597 0.01708185409347609 0.01708185409347609 0.018086829049139812 0.019951609119778526 0.020653836284152245 0.025355853785508725 0.031666489215414914 0.046973189160251796 0.9413235521238597
312 3120 0.001679677164862053 0.9373372069762199 0.01566414266631041 0.01566414266631041 0.018062856471985807 0.01970295735006954 0.02067229161030502 0.025715205092419213 0.03185136756512116 0.044551718305965146 0.9373372069762199
313 3130 0.0015637906630610366 0.9305275131243602 0.015501633978451045 0.015501633978451045 0.017786882776130015 0.019226492689866332 0.020573175594684242 0.024166894936323485 0.031778382131141404 0.042644369327481065 0.9305275131243602
314 3140 0.0014839280480265326 0.945437931846914 0.01527919019149985 0.01527919019149985 0.017090847530538203 0.018999010773289682 0.01991523527001342 0.02420219343521917 0.03080314370840467 0.04298014207497965 0.945437931846914
315 3150 0.001391609456357822 0.9123909428425071 0.015302291150930477 0.015302291150930477 0.016747089107923947 0.018853461943024896 0.020016791341448917 0.02374188294165497 0.030973057226356415 0.04256747392074838 0.9123909428425071
316 3160 0.0011840279677065024 0.9111072346984033 0.015393800421869717 0.015393800421869717 0.016606122852919337 0.018743880560432444 0.019369084855365946 0.023008521834604365 0.030664653323559714 0.04091367446318971 0.9111072346984033
317 3170 0.001037822492740194 0.8593398716911818 0.014781513340153365 0.014781513340153365 0.016022982361529207 0.018809300854016043 0.019495973255122763 0.022851559540533518 0.030112937287509585 0.041142763331682076 0.8593398716911818
318 3180 0.0009464129972980716 0.8183479959724352 0.01453383738017198 0.01453383738017198 0.015936437063705688 0.01848309060560961 0.019132974650320038 0.022622527982531768 0.029488808079100627 0.039662896282977235 0.8183479959724352
319 3190 0.0009072012167242518 0.8363726066694672 0.014010119545627994 0.014010119545627994 0.015806912146689216 0.018219114272550158 0.019117210754515276 0.021105483102142365 0.02847412100002745 0.04060999931163212 0.8363726066694672
320 3200 0.0008143177535552768 0.8351980739319163 0.01405815455563648 0.01405815455563648 0.015867514992922462 0.018024966423239232 0.01813043079003562 0.020101170048082713 0.028621605534285947 0.04042836730937887 0.8351980739319163
321 3210 0.0007732472091234834 0.8264122442731882 0.013856975020798891 0.013856975020798891 0.015679014595888316 0.017426632531744438 0.017866397649083546 0.02006883299240396 0.028726972715636456 0.03837272919725293 0.8264122442731882
322 3220 0.0007100720659312001 0.8358837970142524 0.013797382720271742 0.013797382720271742 0.015074090072443872 0.017440434603396074 0.01786142275678323 0.020111749533860145 0.027969332592507765 0.036935170257369615 0.8358837970142524
323 3230 0.0006103857860515201 0.8418918558271291 0.013229901156194124 0.013229901156194124 0.01511284332509926 0.01703744031899075 0.01736659973941417 0.02030536409126197 0.02748371005594095 0.03520742294449291 0.8418918558271291
324 3240 0.0005891199396240687 0.853917229756641 0.013136662894686095 0.013136662894686095 0.015052483076912176 0.016122966551142537 0.017197922906992458 0.01910656244249549 0.02751120495701188 0.03431565325019582 0.853917229756641
325 3250 0.0005686212621482496 0.8371596198191026 0.012576340120291763 0.012576340120291763 0.014910339183610453 0.016085320110568114 0.017090375415519995 0.018883468072234698 0.027138195582328484 0.0346515723124924 0.8371596198191026
326 3260 0.0005507547679488823 0.7992546609471634 0.01237831287398708 0.01237831287398708 0.0145082841800401 0.01642495981451571 0.01783949776405595 0.018814450905107145 0.02724186939103536 0.03318587955510569 0.7992546609471634
327 3270 0.0005092074497230984 0.8215704594715496 0.012385425481874556 0.012385425481874556 0.014209551168584493 0.015315094096571138 0.017601226708527862 0.01874969822233408 0.02709522328006311 0.033159258311264074 0.8215704594715496
328 3280 0.00043972880745279654 0.8398270355581336 0.012193360588852932 0.012193360588852932 0.01380203153584669 0.014296900674254133 0.017258449351288535 0.01878690617173084 0.026151154254641498 0.0346237066994561 0.8398270355581336
329 3290 0.0004001580307600056 0.8408007909225705 0.011994447096118755 0.011994447096118755 0.01340375297580293 0.013678082072389651 0.017171463978163864 0.018916560722828577 0.026188187556979114 0.03262185070288085 0.8408007909225705
330 3300 0.0003600416412303947 0.8466597808043681 0.011673482898343608 0.011673482898343608 0.012803689511799818 0.012966514022516402 0.017364974730089043 0.01859652207731828 0.025955178050003753 0.03208565461098513 0.8466597808043681
331 3310 0.0003439547823140834 0.843034963836343 0.011552394283071653 0.011552394283071653 0.012623525503057783 0.0128969474703035 0.017023621874986006 0.017517644178440834 0.025633518137686682 0.031529177949384465 0.843034963836343
332 3320 0.0003174616588491307 0.8423778652130872 0.01109357747800976 0.01109357747800976 0.012382422676289606 0.012641869810848435 0.016522917591437192 0.01792193843301933 0.025263109612160634 0.03138410401896524 0.8423778652130872
333 3330 0.0002728993526613675 0.8295311041365543 0.011018325860535225 0.011018325860535225 0.011687113491631915 0.012838788463401845 0.016457009586271353 0.01795064223055596 0.02437517681021748 0.031306738624970194 0.8295311041365543
334 3340 0.0002459060865905576 0.7780635152542839 0.010965789595710113 0.010965789595710113 0.011402153585757241 0.012850220125533097 0.016607098547292434 0.018213597834761834 0.02309396260231843 0.03071347972616398 0.7780635152542839
335 3350 0.00023435323474547604 0.7720071321544703 0.010776023434514425 0.010776023434514425 0.01121971332108843 0.012974636818876164 0.016609092445818652 0.018519454630191605 0.020752049952156487 0.030107773958837708 0.7720071321544703
336 3360 0.00021047789243007565 0.7491050473362947 0.010718647766242796 0.010718647766242796 0.010881463928452273 0.012790495662069547 0.016408409706801214 0.018343303739451474 0.0211816035820841 0.029422960504563583 0.7491050473362947
337 3370 0.00019707141304178697 0.7451377965575334 0.01053061499010983 0.01053061499010983 0.01085036151159967 0.012755182379801435 0.015551330454952706 0.017629347813452937 0.021105584864710755 0.02868920672726657 0.7451377965575334
338 3380 0.0001772524349586392 0.7125362733661484 0.010219099055807663 0.010219099055807663 0.010713849806106526 0.012799444836743104 0.015513152141430881 0.01720730784465928 0.02080647527488163 0.028967468597542644 0.7125362733661484
339 3390 0.00015717961711471325 0.7102656646946871 0.009843608482765902 0.009843608482765902 0.010737280842092595 0.012405947511964987 0.015414291672807567 0.016805444863723953 0.02043704590971059 0.02857435353492237 0.7102656646946871
340 3400 0.0001419592115151369 0.6957599714812016 0.009554010748548636 0.009554010748548636 0.010691993045975618 0.01217733152041572 0.015257419389767804 0.01665944558732234 0.02018528445467594 0.027653025976521257 0.6957599714812016
341 3410 0.00013148235786390646 0.6939907864312169 0.009461550876948718 0.009461550876948718 0.010558856243610767 0.012072254003186372 0.015046742061660415 0.016487023441052923 0.018911394889532283 0.02747662176148863 0.6939907864312169
342 3420 0.0001147721333071387 0.691880398787804 0.009460098585324305 0.009460098585324305 0.01046780520880579 0.011892879780855656 0.01466676197510578 0.01641190794942033 0.01847172276269083 0.027477944264425465 0.691880398787804
343 3430 0.00010920889274997045 0.6786638036480431 0.009435366607361795 0.009435366607361795 0.010152214134346119 0.011876525423849834 0.01437766593554882 0.016007217765578483 0.01798776572550635 0.0264983140036227 0.6786638036480431
344 3440 9.612654133608694e-05 0.6835705992107108 0.009301095660878016 0.009301095660878016 0.00992570643862291 0.011675281836656953 0.014538111528347074 0.015896876422156196 0.017007369228408613 0.026291052742882442 0.6835705992107108
345 3450 8.781795582925299e-05 0.6475183657778455 0.009082833181790609 0.009082833181790609 0.009532786007180914 0.011406324733439142 0.014441188700530941 0.015994899706975322 0.01689996620448618 0.02654203022177081 0.6475183657778455
346 3460 8.155232074270661e-05 0.6469390668982083 0.008937752507638976 0.008937752507638976 0.009450700685874718 0.011420754335935234 0.014239804790704975 0.015608974294275747 0.01620528766023605 0.026234666195209453 0.6469390668982083
347 3470 7.652727709091469e-05 0.6313490605118138 0.009115545039785134 0.009115545039785134 0.009488043862098157 0.011395141307173336 0.013629556616031996 0.014645873148003603 0.01670914847717188 0.0256894956950175 0.6313490605118138
348 3480 7.008752846010931e-05 0.6347849856906782 0.009064673200209502 0.009064673200209502 0.009349681480545529 0.011764630741575525 0.012998303096010537 0.014757328642618752 0.015757789410587482 0.025260881205829134 0.6347849856906782
349 3490 6.431462627227417e-05 0.6143680298362119 0.008901921371435719 0.008901921371435719 0.009193988319513352 0.011750413645160133 0.012736937003411077 0.014008853830341608 0.01597736858634662 0.025204935832667346 0.6143680298362119
350 3500 6.074095716605365e-05 0.5963310324256809 0.00893295988004532 0.00893295988004532 0.009123957659332783 0.01091907854956885 0.012834020269036118 0.013913801819508693 0.01602303962968339 0.02437463570623575 0.5963310324256809
351 3510 5.2559273502052064e-05 0.5675576516887624 0.008608134961834088 0.008608134961834088 0.009098743495492206 0.010906758874941351 0.0127487431338235 0.013881738327185708 0.016248308772531393 0.02423432936066953 0.5675576516887624
352 3520 4.751224665153677e-05 0.5584012379920995 0.008470235091563364 0.008470235091563364 0.00873067475599643 0.010585512079853735 0.01242129260407653 0.01364182295944759 0.015973100127471617 0.02401808683125051 0.5584012379920995
353 3530 4.483274284499388e-05 0.5597745635062443 0.008411600381864982 0.008411600381864982 0.008692318740874682 0.010583571009415323 0.011466743269255408 0.013414539311176856 0.01565734960029577 0.023547845651090586 0.5597745635062443
354 3540 4.4477738536598665e-05 0.5494019553793984 0.008209913962797253 0.008209913962797253 0.008729096081546527 0.01042354337740289 0.011420470489051834 0.013105746712236948 0.015475960880518395 0.022945983037442493 0.5494019553793984
355 3550 4.1775048275785644e-05 0.5348626599617131 0.00800099818930004 0.00800099818930004 0.008604378100287973 0.010227698585848639 0.010933762521847093 0.01320722981422574 0.01529298249455475 0.024148233217730287 0.5348626599617131
356 3560 3.8734763143275975e-05 0.524248264788715 0.007901981820810847 0.007901981820810847 0.008566338941326027 0.010106666204501716 0.010664750427574721 0.012566328680714117 0.014836767820748699 0.02462104716040883 0.524248264788715
357 3570 3.553940175081292e-05 0.5233923957058962 0.007803752619061153 0.007803752619061153 0.008423486700062958 0.009708630121297938 0.010125883396957223 0.012395491031378325 0.015002301543989092 0.024760775145504257 0.5233923957058962
358 3580 3.2948131332401657e-05 0.5173811957332661 0.007532142299031531 0.007532142299031531 0.008119291638981244 0.00965029827275423 0.010101482856193314 0.012724509327905295 0.014930574658330354 0.023980841073739698 0.5173811957332661
359 3590 3.0148975384430694e-05 0.5140527627127763 0.007471604705593184 0.007471604705593184 0.007918593520163733 0.009472606726194105 0.009833254512965581 0.012441551572784697 0.015255595943631298 0.023432621679944057 0.5140527627127763
360 3600 2.7729760018487633e-05 0.4934036424584374 0.007587139361721215 0.007587139361721215 0.007836579701848163 0.009362938198978881 0.009929302502791183 0.012118541186014768 0.01487692321461433 0.022999676062867253 0.4934036424584374
361 3610 2.4682657273548076e-05 0.490619310275967 0.007276444205998776 0.007276444205998776 0.007744890408566256 0.009010132298735873 0.009936900897348468 0.011910633576684305 0.01488222372748143 0.022398173618324965 0.490619310275967
362 3620 2.286771299700043e-05 0.48723708799493004 0.0070789449024743056 0.0070789449024743056 0.007657158486165019 0.00867356133468318 0.009818223417880079 0.011451353499660895 0.014588339487195054 0.02277236287557875 0.48723708799493004
363 3630 2.0597831999933673e-05 0.4868079259706484 0.006544309936744811 0.006544309936744811 0.007699350838702835 0.008547019455346649 0.009601250595440798 0.011343321654218985 0.014522083598586363 0.02299010589322947 0.4868079259706484
364 3640 1.8786678256988618e-05 0.4861680153927003 0.006466146362746377 0.006466146362746377 0.007270415426488932 0.008364571478723238 0.009823697472060421 0.011145583263630689 0.014007809305857873 0.022831162409918164 0.4861680153927003
365 3650 1.7923366071313458e-05 0.4617991635602915 0.006460086568481851 0.006460086568481851 0.007247828741202715 0.008128130074973266 0.009717653405661723 0.0110364602549905 0.013655816576674975 0.022570450962151066 0.4617991635602915
366 3660 1.83402994552192e-05 0.4501313529391439 0.006566614137695854 0.006566614137695854 0.007181062462666885 0.007966867205312332 0.009266634399529476 0.010958838240723662 0.013561778910574966 0.022214437211834033 0.4501313529391439
367 3670 1.7431456006613667e-05 0.4481582373191521 0.006476930794670907 0.006476930794670907 0.007239598900786154 0.0079108071787717 0.00895748234860141 0.010503202365993954 0.013825467430941702 0.022439042647844566 0.4481582373191521
368 3680 1.653648680847039e-05 0.4356631550585383 0.006215568026072327 0.006215568026072327 0.007191167407668512 0.00758259072674058 0.009110079956282012 0.01056783759568109 0.01378925372937481 0.022639115374367698 0.4356631550585383
369 3690 1.635258450751228e-05 0.43554116219607775 0.005944967380922985 0.005944967380922985 0.007245775202488294 0.00773775423129518 0.00921739095450408 0.01067453803346205 0.013495632470995295 0.021298892369830544 0.43554116219607775
370 3700 1.5342817987355862e-05 0.4124223137724168 0.005910352062649256 0.005910352062649256 0.007210518433084766 0.0073327755683409495 0.009600981217347157 0.01078046731124936 0.013499605709312554 0.021754528459253703 0.4124223137724168
371 3710 1.4344161918531743e-05 0.4116462638500762 0.005703435760010007 0.005703435760010007 0.006925091066614696 0.007458543993845667 0.009067025355243957 0.01063483833850753 0.013668919427719422 0.021619363354428125 0.4116462638500762
372 3720 1.1947007563614715e-05 0.42675828317635556 0.005579981134727613 0.005579981134727613 0.006744744897931402 0.0073337702898946845 0.008762798327916219 0.010247885083845996 0.013899160040042737 0.021505593729569138 0.42675828317635556
373 3730 1.1107533569383742e-05 0.41318008434203335 0.005423846018132726 0.005423846018132726 0.0066543956670515195 0.007206105753887163 0.008571832562332139 0.010058567277007957 0.013730715585001196 0.02129986361542503 0.41318008434203335
374 3740 1.02516835557998e-05 0.4284752297547666 0.0054050410622783285 0.0054050410622783285 0.006557690620397538 0.0071981986340922625 0.008050393486519378 0.009709685582719903 0.0132279055798088 0.021196733253608224 0.4284752297547666
375 3750 9.475207349226498e-06 0.4165388587291055 0.005552223165998867 0.005552223165998867 0.006409524234140435 0.006739702948288595 0.008031809636479696 0.009638593922563398 0.013209504489075834 0.02069123852798695 0.4165388587291055
376 3760 8.680089252814454e-06 0.4132706966385708 0.0054503852697188136 0.0054503852697188136 0.006397883848892061 0.00658131425366188 0.007819638746511044 0.009411003230850503 0.01330290619197727 0.020570600995573892 0.4132706966385708
377 3770 7.786366418954236e-06 0.39593301482485777 0.00536199070313255 0.00536199070313255 0.006215203524475668 0.006352029477809739 0.007734080383926788 0.009594421717507375 0.013215615461295264 0.020311446305018563 0.39593301482485777
378 3780 7.317731612478689e-06 0.38030603259593476 0.0053408489649738565 0.0053408489649738565 0.006103227109744581 0.006399749280799362 0.007649517555414614 0.009574170508119782 0.013131159921798176 0.019326758240837048 0.38030603259593476
379 3790 6.387742686975677e-06 0.3743392844699748 0.0052212006119106424 0.0052212006119106424 0.006142811329738879 0.006471921829476146 0.007314456374416986 0.009698186041086186 0.013151256642211234 0.018577732276413014 0.3743392844699748
380 3800 5.8319788469775446e-06 0.3665629037112409 0.005100721988648587 0.005100721988648587 0.005989482173791391 0.006582702984469949 0.00706150038654694 0.009639380069253285 0.013231205495827061 0.017976954110963155 0.3665629037112409
381 3810 5.049012379741674e-06 0.36352236412557015 0.005055370392216522 0.005055370392216522 0.006055890702192444 0.0062192657550436715 0.006664192473239455 0.009578806731837548 0.013280148518435873 0.01794012902013136 0.36352236412557015
382 3820 4.782378160359498e-06 0.3536790761810752 0.005120001287352714 0.005120001287352714 0.005714572091944267 0.00612704127777456 0.006354054870628829 0.009459816625139972 0.013418742857365962 0.017916614363621217 0.3536790761810752
383 3830 4.332444550561603e-06 0.3545427510396383 0.00495934366390577 0.00495934366390577 0.005664537742163508 0.0060209728299941215 0.0064618897196986 0.009495574417487489 0.013320642951530463 0.017236988911967524 0.3545427510396383
384 3840 4.036902690817564e-06 0.33911368834329025 0.0049502599382068345 0.0049502599382068345 0.005495487845973632 0.006013686931665181 0.006196718573105758 0.009542789618848985 0.013083755578278525 0.017035701967246776 0.33911368834329025
385 3850 3.765325614455071e-06 0.3327442106882607 0.004935165717390201 0.004935165717390201 0.005425605706084159 0.00592487407508914 0.006124505116212328 0.009029113646337522 0.013164222624365495 0.016767148906990232 0.3327442106882607
386 3860 3.7361756853941e-06 0.3271629556877021 0.004948402125796654 0.004948402125796654 0.005400884950865538 0.005753394061317199 0.005985253947115805 0.00909511005785825 0.012758410526245902 0.016215719215093804 0.3271629556877021
387 3870 3.4543200617314552e-06 0.3371473332131536 0.004813598497890903 0.004813598497890903 0.005283308747624725 0.00540811494284111 0.005970479414863334 0.00911167308153464 0.012752174039314916 0.016445324488655096 0.3371473332131536
388 3880 3.1783914524472887e-06 0.339792225354108 0.004570050968303741 0.004570050968303741 0.00523796654852198 0.0054547392575530354 0.005779806470343843 0.009001866928316895 0.012485264737090936 0.016305787674537216 0.339792225354108
389 3890 2.8369162281167e-06 0.3363460369454947 0.0046087810636326575 0.0046087810636326575 0.005021816625354598 0.00544443706362892 0.005849295465551107 0.008757759693569659 0.012109543680395976 0.016039369595364523 0.3363460369454947
390 3900 2.5463034577422217e-06 0.3237052409211648 0.00441939041155918 0.00441939041155918 0.004925046492381969 0.005481277375766402 0.005688461085654357 0.008950245281845447 0.011523142746333568 0.01596923189680272 0.3237052409211648
391 3910 2.410870587067808e-06 0.3179459890592137 0.004401658059383458 0.004401658059383458 0.004846497189915265 0.0054415330658080475 0.005538168831371425 0.008924075619111614 0.010922625749936705 0.015604579641430718 0.3179459890592137
392 3920 2.3526095185542795e-06 0.3115648527017408 0.00433076204151233 0.00433076204151233 0.004883490440986962 0.005256190129518206 0.005651548683060236 0.008776116109661778 0.010764420524106354 0.015470823095488568 0.3115648527017408
393 3930 2.385000214278168e-06 0.294323787794326 0.004342895174815223 0.004342895174815223 0.0047572281746528985 0.005242405659739102 0.005953945351383179 0.008592233916977565 0.011014821325082424 0.01513618452221651 0.294323787794326
394 3940 2.1741280288138374e-06 0.29729276626984014 0.004393572265209853 0.004393572265209853 0.00470669259821614 0.005328029951252999 0.005855372054571518 0.008635303577540254 0.010318986850544774 0.014590520390568327 0.29729276626984014
395 3950 1.9729787769396116e-06 0.2938104881478699 0.0043339547226323915 0.0043339547226323915 0.004755415206487305 0.0050310095875174396 0.0058469411731498985 0.0087621295550196 0.009991122853626681 0.014149605155812739 0.2938104881478699
396 3960 1.874939045978399e-06 0.2960384506469194 0.004249573359323101 0.004249573359323101 0.0047339891162137175 0.0050108747325401555 0.005800522536106351 0.008553398847614625 0.009086604070817149 0.014013852119765724 0.2960384506469194
397 3970 1.6150082045802077e-06 0.290639558553603 0.004226361879831389 0.004226361879831389 0.004670546856046875 0.004970672115402324 0.0057872982615744814 0.008013710224822324 0.00925087972774799 0.014335511121628015 0.290639558553603
398 3980 1.3961243431077995e-06 0.2845768036496587 0.004028320625524135 0.004028320625524135 0.004648035265258455 0.004779240854628445 0.005742145605833931 0.0077773508225663646 0.00916519820452357 0.014031631500888953 0.2845768036496587
399 3990 1.2850008343963215e-06 0.27880362224896255 0.0039220083248561076 0.0039220083248561076 0.004593583617803573 0.0047299860918366375 0.005727026490825996 0.007819483516355993 0.008835849950085435 0.013505718078555095 0.27880362224896255
400 4000 1.1509092015546561e-06 0.2693445144285683 0.004001281841682098 0.004001281841682098 0.004548957379952766 0.004585073121663651 0.0058709147585273395 0.007797711766576983 0.008642038182335835 0.013243673989735326 0.2693445144285683
401 4010 9.84729014876124e-07 0.26414816618531023 0.003932853058153031 0.003932853058153031 0.004375580115314275 0.0045473892074879545 0.0058250884647419315 0.007483546291126545 0.008711704553929485 0.01310299840575495 0.26414816618531023
402 4020 9.230042063541028e-07 0.2634199431712117 0.003903549525917435 0.003903549525917435 0.004354029340353686 0.004596044138410244 0.005819305912713934 0.007318441879258839 0.008166702840036594 0.01250723879652861 0.2634199431712117
403 4030 9.052325606780736e-07 0.2596768127866043 0.003820756734555928 0.003820756734555928 0.004187821435333749 0.00463508656475513 0.005558756198607591 0.007444474614382142 0.008062935242209548 0.012375649842105528 0.2596768127866043
404 4040 8.817020948873982e-07 0.2573261132268879 0.0038438367456607742 0.0038438367456607742 0.004080867839417604 0.0044285642063411155 0.005647268593671113 0.0075031727842976795 0.007997630218526338 0.012258080404376986 0.2573261132268879
405 4050 8.038315764375559e-07 0.24742544446008088 0.003812657360172058 0.003812657360172058 0.00404612056697097 0.004457846994673382 0.0055636119371599065 0.007535948039731164 0.00787424984287215 0.012059554640413013 0.24742544446008088
406 4060 7.261385927997072e-07 0.23757688887040815 0.0037579272988391824 0.0037579272988391824 0.0040497863848448 0.004407691079308538 0.00560599107320872 0.007396286603266427 0.007796693287237674 0.011990271527114453 0.23757688887040815
407 4070 6.915609131461353e-07 0.23579132501863725 0.003706619642798246 0.003706619642798246 0.004124499233216664 0.00429890914341184 0.005459556226839047 0.007484319494067583 0.007701276460700771 0.011558415722265057 0.23579132501863725
408 4080 5.58012896940453e-07 0.22981146350689569 0.003562230934328546 0.003562230934328546 0.004024233580039776 0.004327738329896789 0.005497128105481309 0.007510896773766491 0.007570577783405476 0.011465812192019427 0.22981146350689569
409 4090 5.010903417931594e-07 0.22903582520295884 0.0033932498880807913 0.0033932498880807913 0.0038970632475957617 0.004204700667422489 0.005470715561091356 0.007319439904828459 0.007547569970126767 0.011457387838684245 0.22903582520295884
410 4100 4.822613921954512e-07 0.22675581668663847 0.0034052660273371058 0.0034052660273371058 0.0037768383961718317 0.0042805904513624204 0.00538269056455088 0.006949295775698857 0.007626110773505021 0.011297332741939432 0.22675581668663847
411 4110 4.262167794762955e-07 0.21819473497567213 0.0035099842890761175 0.0035099842890761175 0.0037393331414589826 0.004281971577018935 0.005095828585164898 0.006957107013340843 0.00773477947559666 0.011318366444374112 0.21819473497567213
412 4120 3.871959023315731e-07 0.21318299876289606 0.003487400403540932 0.003487400403540932 0.003785230468355702 0.004296698458623833 0.004997321793862885 0.00687487817166286 0.00743075534187763 0.011209234293658756 0.21318299876289606
412 4120 3.871959023315731e-07 0.21318299876289606 0.003487400403540932 0.003487400403540932 0.003785230468355702 0.004296698458623833 0.004997321793862885 0.00687487817166286 0.00743075534187763 0.011209234293658756 0.21318299876289606
