% # columns="iteration, evaluation, sigma, axis ratio, bestever, best, median, worst objective function value, interquartile range, further/more values", seed=799291, Sat Mar 22 10:12:56 2025, <python>{}</python>
1 10 0.4247371080455514 1.0000437509570452 96.74664822014923 9.6746648220149225e+01 252.4297967140261 794.4987025115486 128.38519661454558   
2 20 0.3825563865160106 1.1348268268619734 66.7341244306962 6.6734124430696198e+01 140.70416595950098 704.971137501298 328.7420216967245   
3 30 0.3637773808325411 1.2003147064482962 58.13062689886471 5.8130626898864712e+01 126.70708243808248 340.5907525721639 65.28693901340355   
4 40 0.3446554484624072 1.3466603257722534 58.13062689886471 8.2089058094190989e+01 121.4026863569017 565.7976840720959 136.8459084343723   
5 50 0.3089432447833964 1.3398070113089877 58.13062689886471 6.0269819728281057e+01 157.85046609625496 313.7907648246089 109.34626002241949   
6 60 0.28338637583891485 1.3631442557717361 31.661737646053343 3.1661737646053343e+01 123.17931885317043 334.32879904266207 114.7339201835435   
7 70 0.25249040163187264 1.4467946172236765 21.168896837787397 2.1168896837787397e+01 61.65297326861962 174.2175961125095 84.34414898678652   
8 80 0.2312102683192237 1.349002438487347 18.458887078630223 1.8458887078630223e+01 63.60921896147349 105.54223614196478 65.07693616923828   
9 90 0.20551216532725494 1.3703879695080445 15.003064676979537 1.5003064676979537e+01 32.41305639945234 132.63442641552012 36.74448642703941   
10 100 0.18278168796853864 1.4448873140822747 13.52391449829878 1.3523914498298780e+01 33.86315413225409 44.60731077616749 13.823657294918412   
11 110 0.16024545587210767 1.4888062592707094 13.52391449829878 2.1166072916965380e+01 31.574492704583612 48.179880103504175 18.346551170682446   
12 120 0.1506959930571934 1.5585427582439602 8.749332688309044 8.7493326883090443e+00 24.51865784465364 38.16018720011819 11.459115931456806   
13 130 0.13761252930317658 1.5629614641310787 8.749332688309044 9.7383555569396556e+00 22.57915731505046 25.18175374736189 9.715083980586236   
14 140 0.13247877440972788 1.5969578356153746 8.749332688309044 1.0772378635773157e+01 17.455476587034976 28.396920659589874 10.316907627963285   
15 150 0.1273850421465414 1.5926903432401527 8.749332688309044 1.5697017362118029e+01 19.49649992737671 20.360286978571988 2.913285983743023   
16 160 0.11601667419402749 1.691024870528025 8.749332688309044 9.1753364449089183e+00 20.96037897958069 38.00901194486474 12.811613244261025   
17 170 0.10546481044898862 1.655434668141875 8.749332688309044 1.1091781564449031e+01 15.644566691980717 21.953583975766097 5.986419767853297   
18 180 0.09751374828009653 1.783702130697169 8.749332688309044 9.0637031438078957e+00 12.856754366148792 15.541058250174622 2.92336554289208   
19 190 0.08751514334582454 1.7706879271038445 7.932812046560397 7.9328120465603966e+00 10.580896366280353 15.345407947798527 2.0791365081303788   
20 200 0.07933714804354637 1.7231493568647986 7.748499909395133 7.7484999093951332e+00 9.313047073346576 16.91747296453293 1.6997905850767605   
21 210 0.07240821929836938 1.7132678995462776 7.727726169210685 7.7277261692106851e+00 8.879834671800449 11.13179525548558 1.3869532387448462   
22 220 0.06730643260814927 1.6981069563708653 6.654453547742341 6.6544535477423414e+00 9.376986890784302 12.775497765476205 1.7178782615351285   
23 230 0.06693952226904523 1.7144574161704114 6.654453547742341 7.2607875960584449e+00 8.446604092413057 10.231897262461196 0.811455040285546   
24 240 0.06104922323309616 1.8076145289418033 6.654453547742341 7.3020796734148092e+00 7.988244120127506 11.96524777644671 1.4590306506597601   
25 250 0.05521251755791745 1.8720360917626908 6.654453547742341 6.9767911955493229e+00 7.7196753275276455 8.940420864427129 1.5072961641203966   
26 260 0.05132815552788674 1.9943570633869745 6.406145849198587 6.4061458491985874e+00 8.127006904096541 8.994144870150295 1.065496319349978   
27 270 0.050177180769039764 1.9727695454279053 6.406145849198587 6.9012087481079094e+00 7.5905587895080755 10.59597461143102 0.7730017100389706   
28 280 0.04584861180632229 2.1012065922968217 6.406145849198587 6.7221923135694919e+00 7.826346565666554 8.644847354892127 1.2879160493912734   
29 290 0.0469599558944455 2.1855253568164974 6.393656128971649 6.3936561289716494e+00 7.14335966493857 8.839254501556313 1.0953147764066369   
30 300 0.04270185201161679 2.092673437620016 6.343784729831195 6.3437847298311949e+00 6.9751070429478235 8.795848586468814 0.9183397188930131   
31 310 0.03963048751103523 2.101848542837314 6.343784729831195 6.4276409976244002e+00 6.83837750674636 7.097034182509516 0.3864346301906769   
32 320 0.036248735104606966 2.0014218343333514 6.343784729831195 6.3532510009245655e+00 6.809844148846379 7.104004770479127 0.3044466544764317   
33 330 0.03446966493812636 2.115474205056196 6.343784729831195 6.4746872953852037e+00 6.998494462413401 7.969801686282355 0.406923574419805   
34 340 0.03494212116598465 2.084184986122037 6.273373383977697 6.2733733839776971e+00 6.698793992018471 7.721976101004147 0.5400320155059841   
35 350 0.03334288039820641 1.9935458297977466 6.229692455359442 6.2296924553594417e+00 6.701010906174991 7.343568123568174 0.4423644079855391   
36 360 0.031518053970652764 2.1233532387510308 6.227735594787282 6.2277355947872817e+00 6.366403582101881 6.75247016438138 0.2408015798490144   
37 370 0.030142365633497568 2.1687198502421623 6.0325880325531855 6.0325880325531855e+00 6.440734668288873 6.826684553846327 0.19989638575154522   
38 380 0.029037334034778726 2.319203575187493 6.0325880325531855 6.1164214838985478e+00 6.276721021909006 6.519516187333437 0.19284670851506114   
39 390 0.028594966640451795 2.3196778813583823 6.0325880325531855 6.0419518919270025e+00 6.187817119994529 6.455119448515253 0.16988623471163233   
40 400 0.029114405682080312 2.4802189721542995 5.953207803647084 5.9532078036470839e+00 6.1736202196693055 6.765881411107387 0.17280532331453813   
41 410 0.030875603137066544 2.5321046561997727 5.885338212697135 5.8853382126971354e+00 6.18556113847942 6.287884050982221 0.18238791268752674   
42 420 0.029762792100216828 2.588393699527883 5.883803473493455 5.8838034734934546e+00 6.137580994299725 6.31003527767643 0.20886205816386294   
43 430 0.028746243687863018 2.737085072674435 5.8659262427517485 5.8659262427517485e+00 6.02253904088564 6.241054412718217 0.10466755186908383   
44 440 0.030747138350016755 2.8007467392760477 5.8659262427517485 5.8722615076098208e+00 6.066218188093723 6.318931356292808 0.18859436269577579   
45 450 0.03297924908970877 2.79992451838413 5.787068099373589 5.7870680993735890e+00 5.894452900768856 6.399308885676154 0.11112335465512047   
46 460 0.032434742558283394 2.9709748006680305 5.741774457591225 5.7417744575912248e+00 5.953426881206943 6.162865991037302 0.2030191417065783   
47 470 0.03264348097388049 2.8337877372946783 5.7068760512449845 5.7068760512449845e+00 5.883281605542653 6.363019025568878 0.11835749890475622   
48 480 0.033552660707253865 2.981937932267949 5.7068760512449845 5.7429479595367301e+00 5.845977895007221 6.320234586757007 0.049476056645797684   
49 490 0.03761308219454886 3.174982765999081 5.513554045983718 5.5135540459837182e+00 5.806186178114539 6.204405247860583 0.139672085004527   
50 500 0.04175957016522319 3.770990436363819 5.389130125358058 5.3891301253580579e+00 5.788739914647315 6.469487605636223 0.4122191979289447   
51 510 0.042547114227511465 4.252689259519978 5.369259874848474 5.3692598748484741e+00 5.558989567143958 5.9114430655233985 0.25149274417120004   
52 520 0.03916605184320896 4.485236268935125 5.369259874848474 5.5513888511394800e+00 5.740068441442283 6.181320871752408 0.28000075464159124   
53 530 0.037536140625394336 4.545692127697233 5.362098245004862 5.3620982450048622e+00 5.656020283036781 6.0721042731119645 0.17683074320377123   
54 540 0.03357430930544577 4.61675992873731 5.362098245004862 5.3870331198952126e+00 5.5984345664036255 5.734228183476634 0.20970385432401706   
55 550 0.03224743651131617 4.6358612380305075 5.184736429092401 5.1847364290924007e+00 5.4205974570742725 5.642172143126176 0.24522075120230813   
56 560 0.03320799825658017 4.688145702364338 5.148627691524087 5.1486276915240872e+00 5.398035237817504 5.616846406206514 0.21084512937004707   
57 570 0.036169402533579545 5.072704832772597 5.148627691524087 5.3090619094588254e+00 5.418052014802148 5.537191730799162 0.10632003061414075   
58 580 0.038558435142759556 5.375838482595115 5.148627691524087 5.1766578723867722e+00 5.62427802755318 6.035776689627365 0.33683803491835906   
59 590 0.03674017576841309 5.192489689677927 5.148627691524087 5.3272473409409642e+00 5.495354227497104 5.756384326333751 0.2533735581479917   
60 600 0.03345166437676558 5.220406828055008 5.148627691524087 5.1678672621389010e+00 5.383361853678822 6.169476246130989 0.31830053284695303   
61 610 0.030573913701526394 5.3207525557828035 5.05332055096592 5.0533205509659203e+00 5.346886208059076 5.592819155759783 0.1723430773693737   
62 620 0.03130815602682971 5.253869543553441 5.041038250048987 5.0410382500489872e+00 5.197679133209263 5.585723959403494 0.1927698005213765   
63 630 0.03242435671672741 5.5051730246101975 5.041038250048987 5.1207619127890878e+00 5.229289725705499 5.550458446018321 0.26872643445268096   
64 640 0.02887956568493858 5.374655659512417 5.041038250048987 5.0429834838913914e+00 5.255776121358544 5.453559127246257 0.23569960742861085   
65 650 0.028404627614579396 5.647945228892229 4.989050793367019 4.9890507933670190e+00 5.21420904110935 5.348723135206063 0.17304173781851429   
66 660 0.02591860874068902 5.845739065748589 4.989050793367019 5.0075721235366579e+00 5.141577364015353 5.24466007466781 0.17537389167786   
67 670 0.023405028722443474 5.922949572139789 4.903320208764134 4.9033202087641339e+00 5.1570614645190815 5.264679095426249 0.1484467687838995   
68 680 0.02163518022787365 5.919352562261685 4.886348128894902 4.8863481288949018e+00 4.989573380962628 5.081533096572573 0.1408089595526434   
69 690 0.02016959047337666 5.885413190158475 4.8784153076555405 4.8784153076555405e+00 4.940479203307603 5.224378588956517 0.17956733600259867   
70 700 0.019883465012341547 5.8616163874320355 4.860606930218892 4.8606069302188919e+00 4.9134438862456955 4.972781867619359 0.05121524364546737   
71 710 0.02074184339500144 6.255486911350636 4.762808987716009 4.7628089877160091e+00 4.926236632174797 4.971055007308752 0.0881394732245715   
72 720 0.024600168056771326 6.53845558605986 4.762808987716009 4.8106579920602135e+00 4.859017220786274 4.89355305853041 0.04203452219200887   
73 730 0.030295372630913944 6.86737625576476 4.716319229211312 4.7163192292113116e+00 4.843268636284071 4.984478945657028 0.06933835667004917   
74 740 0.035617753305817484 6.928380927881586 4.713442136130136 4.7134421361301362e+00 4.865222254766191 5.027825424925996 0.17757456498851187   
75 750 0.04009659629248291 7.075232252973454 4.553619044894902 4.5536190448949023e+00 4.974441738823703 5.30979540411298 0.4005491384174018   
76 760 0.0382844147828375 7.2621522940825765 4.553619044894902 4.6006837726024719e+00 4.983244709091039 5.2357745927196655 0.2572687248427403   
77 770 0.03939249703074025 7.132351626041844 4.553619044894902 4.5637552786745825e+00 4.772617723136047 5.014559962511626 0.22147013986650688   
78 780 0.0410121851265094 6.987994480732969 4.553619044894902 4.5637271652299862e+00 4.701464098970024 5.023397089411604 0.20557247384947352   
79 790 0.043866042478932867 7.1806444063070325 4.471971873990915 4.4719718739909151e+00 4.663067685459599 5.2190883681379905 0.5256001078084269   
80 800 0.046736639866973156 7.400934332268072 4.4304906965692235 4.4304906965692235e+00 4.722740532814584 6.104284532410515 0.44164234088205223   
81 810 0.04934972569996117 7.450097612633546 4.341417840834777 4.3414178408347768e+00 4.64280019597346 5.410274581888989 0.24738410021279744   
82 820 0.052210081216210444 6.9775295451966866 4.341417840834777 4.4208695287649231e+00 4.702593946642088 5.099018776333655 0.3952415054198264   
83 830 0.053943947980264036 7.101901093110919 4.288557798820497 4.2885577988204968e+00 4.6339055152870126 5.110064054555405 0.3696481872309789   
84 840 0.05645974356989143 7.184392063837933 4.225158054916058 4.2251580549160579e+00 4.703300690647235 5.215617883906506 0.3107881965081747   
85 850 0.05875926884559174 7.259030897631728 4.166861765727864 4.1668617657278642e+00 4.494030937815525 5.402159648264494 0.2663056168628888   
86 860 0.05503637953075689 7.716430178394802 4.166861765727864 4.2189647727876887e+00 4.688545263173114 5.108130334375147 0.48354219229031425   
87 870 0.050330143413503885 7.796330049260481 4.108090891513548 4.1080908915135481e+00 4.612554968312121 5.358521748354478 0.2880517205587818   
88 880 0.043886563096514675 8.076434705253028 4.108090891513548 4.1642605532111343e+00 4.416020687429546 5.792719913283811 0.6306061262297948   
89 890 0.041514841427875766 7.948831560972039 4.027223216463183 4.0272232164631827e+00 4.377005134221712 4.6653797274214925 0.3806558092262291   
90 900 0.04166303412658858 8.10872199329877 3.9786761375457873 3.9786761375457873e+00 4.1146504905129335 4.25489490584616 0.1525237066711389   
91 910 0.047485434834636665 8.070034873888 3.9786761375457873 4.0033605982275606e+00 4.122472110596105 4.900999905377327 0.2426408149135586   
92 920 0.05637187597534709 7.745177563948789 3.8827620986315328 3.8827620986315328e+00 4.186793654993057 4.487552410400616 0.28388520607182866   
93 930 0.058089654558186904 7.3344308737186115 3.8827620986315328 4.0559376933831821e+00 4.133587683991061 4.764397450668575 0.3269128901157323   
94 940 0.056184838745806126 7.003432371735218 3.8827620986315328 3.9265998040344510e+00 4.380807301589308 4.490290210353746 0.36714387630273926   
95 950 0.053939712098157955 7.156461461448065 3.8827620986315328 3.9039880937279681e+00 4.349978483261321 4.551207344741267 0.35508975846384505   
96 960 0.05644263080912553 7.158657441583695 3.5455247551531954 3.5455247551531954e+00 4.084066550915293 4.596464985945801 0.2900670004354464   
97 970 0.057302296193853096 7.890546703614877 3.5455247551531954 3.6858514421518045e+00 3.918622391364263 4.7519401116682625 0.521393541534021   
98 980 0.05666447846415743 8.119222294939007 3.5455247551531954 3.5682984562327471e+00 4.224083246029445 5.095765901313209 0.5080320583639111   
99 990 0.05030773238790627 8.038403384913444 3.5455247551531954 3.6999528142830238e+00 4.026502916328576 4.258204025441703 0.22055711810021927   
100 1000 0.04735288473732209 8.00115919301243 3.5455247551531954 3.5466884116524930e+00 3.9298468616433038 4.132095313130439 0.17054572995400497   
101 1010 0.043743983420239926 8.266398795410927 3.5223066551459863 3.5223066551459863e+00 3.807314496926346 4.123614895766848 0.43245339062046284   
102 1020 0.039526774413010675 8.020119544098028 3.520268908880187 3.5202689088801868e+00 3.797341387108538 4.016243045484005 0.19042436675900865   
103 1030 0.03581361788586193 8.127528355559466 3.520268908880187 3.5309864213043003e+00 3.6652313213364804 3.7671203971732616 0.12143703895708535   
104 1040 0.031663020530059316 8.174000032111007 3.4952266786267097 3.4952266786267097e+00 3.6880041137666946 3.899387525656107 0.2516096958666041   
105 1050 0.02890252542798805 7.924338732287108 3.4808640610477575 3.4808640610477575e+00 3.602816062195491 3.735375346423404 0.14871573662908943   
106 1060 0.028143229188585094 7.698044714906801 3.43314712411206 3.4331471241120601e+00 3.536113636741777 3.5953867085317044 0.06434507412744095   
107 1070 0.027803990330351493 8.029980633080225 3.4093335997981224 3.4093335997981224e+00 3.4934249879701276 3.6026190594487133 0.10710694948511623   
108 1080 0.026458459425718128 8.154935735393105 3.378121812868712 3.3781218128687120e+00 3.4886760078771353 3.6256495084526357 0.05784827765221223   
109 1090 0.030061438890705578 7.922069981818571 3.3146787374472826 3.3146787374472826e+00 3.4120238843487773 3.4912768548949233 0.09655158789887519   
110 1100 0.03277735161301751 7.723970296388276 3.2989297016119736 3.2989297016119736e+00 3.387488258175564 3.5128626159233356 0.09015025322867487   
111 1110 0.03273764665670536 7.421292225961379 3.261761253647959 3.2617612536479590e+00 3.386591303173666 3.6199483216683457 0.13083811091558362   
112 1120 0.03468093741073155 7.548294073949784 3.206086135991874 3.2060861359918742e+00 3.3000143176630137 3.413862522726755 0.11538352059011636   
113 1130 0.035109319815111575 8.191948911053556 3.118901679706238 3.1189016797062381e+00 3.2403468209263813 3.3496997347592696 0.07752079865997974   
114 1140 0.03673970105080947 8.573125055883006 3.0999454484715523 3.0999454484715523e+00 3.2059355154894353 3.293852923695586 0.054603333085065486   
115 1150 0.03927669368684664 8.601511204712684 3.02782924719794 3.0278292471979400e+00 3.1202490467598816 3.3822680643883323 0.17032315039366575   
116 1160 0.04190441738604078 9.227326642022662 3.0249450056173184 3.0249450056173184e+00 3.2142112799489406 3.2945926802453336 0.1710801255503105   
117 1170 0.04432502246968142 9.64966527664038 2.8751858795441336 2.8751858795441336e+00 3.117933170516743 3.290375001234909 0.19026279588000028   
118 1180 0.04524006058046154 10.152274045641178 2.8065510254533566 2.8065510254533566e+00 2.9879847329128837 3.0762234617049753 0.0760623699221683   
119 1190 0.047026383257605914 11.084859932236078 2.7987202148174486 2.7987202148174486e+00 2.909811243115942 3.3442077778583563 0.23179478701492107   
120 1200 0.0457024095116975 10.984011637171358 2.7987202148174486 2.8020267655460356e+00 3.029544297016094 3.364310415668916 0.35365399441779344   
121 1210 0.045789167061064624 11.103344204570506 2.762754763665857 2.7627547636658569e+00 3.0114917807685275 3.3540103651920554 0.24002407568125106   
122 1220 0.049208064026474936 10.809230871644054 2.610186199165094 2.6101861991650939e+00 2.824764337405713 3.1295513015134997 0.0702224157890754   
123 1230 0.05458239769488977 12.005074640667226 2.5662737458264315 2.5662737458264315e+00 2.807541065175231 2.99082774142496 0.17558853430590027   
124 1240 0.054713421185980125 13.29243671624396 2.428160535223387 2.4281605352233870e+00 2.9197148571149487 3.194508760131571 0.25053765079708423   
125 1250 0.055382793363500715 13.14556522831591 2.428160535223387 2.4428433946715167e+00 2.8380235010450354 2.944106122320461 0.21039188088980465   
126 1260 0.057005806531767206 13.60754270478881 2.388701062739157 2.3887010627391572e+00 2.6437233782985112 2.879440607388613 0.2558450650906914   
127 1270 0.0638985493167952 14.063632572742176 2.354551147719865 2.3545511477198651e+00 2.5497994213785082 2.7723181627200324 0.13927636290342216   
128 1280 0.07072127208781495 14.194871502639664 2.271153421685245 2.2711534216852449e+00 2.655172721748724 3.066620716560626 0.3034594193713467   
129 1290 0.06904162546833988 15.746787640394562 2.1496456745647876 2.1496456745647876e+00 2.7757930456896345 4.1035001023931885 0.21898908737258838   
130 1300 0.06872255447109639 16.056769731997854 2.1496456745647876 2.2053616821212776e+00 2.4842597544253 3.6499851807650847 0.30495160792161746   
131 1310 0.06749166840755774 15.868026832904595 2.1496456745647876 2.2428168231175474e+00 2.5498959816710975 2.8278917716153744 0.32903708596516745   
132 1320 0.06646005933339146 16.119714770679444 2.147903599091948 2.1479035990919479e+00 2.539632842051357 3.0645304841522805 0.21926644481374336   
133 1330 0.066392488916458 16.1579871230151 1.9523478833483776 1.9523478833483776e+00 2.3982864405378903 2.715180731341217 0.3689951845529662   
134 1340 0.07388352105712796 16.019412771754915 1.7601038631498778 1.7601038631498778e+00 2.1447091443403163 2.6280318341472637 0.15985409788947447   
135 1350 0.07776601254027772 16.940452510462496 1.7601038631498778 1.8267162036831781e+00 2.630867418661711 3.714636838594717 0.6878504490650981   
136 1360 0.08022482258352866 16.195020167729318 1.7601038631498778 2.1733363486648649e+00 2.477318801808523 3.089696150606472 0.3399955453510679   
137 1370 0.07709732025792676 16.104580769085313 1.7601038631498778 1.9317833683997900e+00 2.2014010954699654 2.735329853885093 0.3205907141419537   
138 1380 0.06942776616453197 15.197688066736605 1.7601038631498778 1.7807294657828390e+00 2.146753344879872 3.0069387441923463 0.709300817679134   
139 1390 0.06323643084621487 15.122036223351014 1.73848305485193 1.7384830548519301e+00 1.9048688398409912 2.31057959176974 0.37152228199706916   
140 1400 0.05669043455667729 15.190672235128458 1.73848305485193 1.7878896675730203e+00 2.04277836789024 2.371070920576661 0.48916198854901083   
141 1410 0.055529199847535016 14.771197180913399 1.64893373804845 1.6489337380484499e+00 1.9596143143355327 2.4275025627165636 0.357665950346572   
142 1420 0.05471427876804091 14.566698642121418 1.5545389234658487 1.5545389234658487e+00 1.9826013310553983 2.347903700834646 0.4747478817264612   
143 1430 0.059905720900120814 14.098413101565095 1.4685056786215664 1.4685056786215664e+00 1.684033352764344 1.8828929372114052 0.15141541405428316   
144 1440 0.06125769553123989 14.794513822399281 1.4685056786215664 1.4737082029133690e+00 1.908076903803729 2.502568800021026 0.2522168208072735   
145 1450 0.06021073541628551 14.191661329189763 1.3789089277651612 1.3789089277651612e+00 1.8749619020916604 2.102846766249215 0.1489570876944737   
146 1460 0.06030531309788179 13.597183446486765 1.3789089277651612 1.4196547192913855e+00 1.7612065514969213 2.28762619150633 0.1879341898183704   
147 1470 0.0632470218254039 12.7596829128677 1.3169888091347757 1.3169888091347757e+00 1.6265626135537472 1.9767187489916902 0.2045055365008699   
148 1480 0.06751154434413827 12.993491653679342 1.3169888091347757 1.4210448730560676e+00 1.635021635033137 2.833056782460711 0.1353075102472665   
149 1490 0.06728320911165381 13.409923906620909 1.26536759713879 1.2653675971387901e+00 1.4860299148848242 1.7736297607193303 0.22102351452835434   
150 1500 0.07813934919219341 13.860129205054093 1.1097918221894347 1.1097918221894347e+00 1.7426538631992021 2.297913744081119 0.31072406282898024   
151 1510 0.08056710606905892 14.214885717773855 1.1097918221894347 1.1486845822874017e+00 1.6935329756954633 1.8798366184738744 0.4637516289735646   
152 1520 0.07655328537201755 14.384761268869019 1.1097918221894347 1.1518841650576768e+00 1.4585555760451294 2.0459260009724045 0.604869616041535   
153 1530 0.07745911679891504 13.82877688120561 1.1097918221894347 1.1437505743058818e+00 1.4523746578137628 1.9705188121385304 0.17563869670912347   
154 1540 0.07688280094519882 14.33930326673416 1.057602405715984 1.0576024057159841e+00 1.352046381071017 2.0400174051799915 0.26223411295191434   
155 1550 0.07529504717201609 13.82814806602614 1.057602405715984 1.0921285502847324e+00 1.2592952351405613 1.7364836092198022 0.36020634792794604   
156 1560 0.07103752264394263 14.225635559484047 1.0421067117889042 1.0421067117889042e+00 1.2551001809729394 1.6738252977947967 0.38825157616716477   
157 1570 0.06431846427892267 13.927211856704396 1.0421067117889042 1.0783579565918788e+00 1.2028562303726007 2.4501412029043124 0.16908442928524692   
158 1580 0.06261447922493404 13.861278815498679 1.0244939790549816 1.0244939790549816e+00 1.0828410980458796 1.4477717781519432 0.19930167164675772   
159 1590 0.060790445455433814 13.65074031784353 0.9779097600445235 9.7790976004452346e-01 1.1093335570629934 1.5702481315201435 0.4247500415609389   
160 1600 0.062212334619927735 12.87898541639413 0.9084963699131112 9.0849636991311122e-01 1.0756113987816818 1.3226412807629013 0.36279759140099976   
161 1610 0.057496134123648145 13.226464550432704 0.9084963699131112 9.7144915088149675e-01 1.0770809953270621 1.3976529009171532 0.16470710669165178   
162 1620 0.05157595734155795 13.23320897643969 0.8164251164622365 8.1642511646223648e-01 1.0906588780741857 1.2590610712519086 0.156684432353714   
163 1630 0.053469043764419306 12.763960047429185 0.7992872430711979 7.9928724307119792e-01 1.013239897739902 1.04916941301956 0.11923962082690043   
164 1640 0.06291180866562092 13.297236564370023 0.764160760309267 7.6416076030926705e-01 0.8794689426419138 1.3441802749194278 0.19149843448976367   
165 1650 0.0617832344711127 12.762066695396104 0.764160760309267 7.8677119548584895e-01 0.9496383418526586 1.1074584530700473 0.12429604040720554   
166 1660 0.059085854289182976 12.631319457999554 0.7633120679164913 7.6331206791649131e-01 0.8297465446968016 1.2216717150649898 0.0904947681212035   
167 1670 0.06278754838525456 12.230227277191124 0.6680734246006736 6.6807342460067365e-01 0.8419586453508074 1.0549272751855199 0.1342940236121759   
168 1680 0.058421803899887534 13.21261453447651 0.6680734246006736 7.4359750778199540e-01 0.8397407656253861 1.1916990790524296 0.12496051110752548   
169 1690 0.054688811096956 13.2465675886979 0.652055624049313 6.5205562404931305e-01 0.7613085667008621 0.9247782398893906 0.17801306499776615   
170 1700 0.04999678321395551 13.609389978195997 0.6370697668292327 6.3706976682923266e-01 0.7649337559641454 0.9437971070818145 0.10955807771802784   
171 1710 0.048996900494663806 13.438298326580354 0.6205966196968495 6.2059661969684954e-01 0.7122254990351601 0.9176286221518297 0.11653700410096646   
172 1720 0.048223724326881635 14.053619071912758 0.5850660927397914 5.8506609273979138e-01 0.7377244369344219 0.8702997471781233 0.160785461095998   
173 1730 0.04496801727422774 14.528227043977624 0.5850660927397914 6.1925735863727538e-01 0.6748663386239052 0.7737022986887313 0.04105385847418852   
174 1740 0.04157951342244594 14.602866997238236 0.5850660927397914 6.2322596084735826e-01 0.6823561916970162 0.8813560027118381 0.11120249432201235   
175 1750 0.03855498615536116 14.619772586317868 0.5850660927397914 6.0164764364216428e-01 0.6819603404398014 0.7369395217347658 0.07544373453652209   
176 1760 0.036455845585412205 14.564640058768497 0.5850660927397914 5.9689607862422411e-01 0.6401656693543601 0.7363226298774992 0.051795515606809284   
177 1770 0.036532470354793456 14.742438961974413 0.5395640229899293 5.3956402298992934e-01 0.601523868328061 0.6572648748421654 0.032608171538275665   
178 1780 0.03608508517437499 15.760957842282746 0.5395640229899293 5.5312307724966137e-01 0.6046422511949436 0.6291098079976557 0.03567789055501147   
179 1790 0.03955650806891477 15.614063027201636 0.5395640229899293 5.5028749739605709e-01 0.5919472505867629 0.6500770204198717 0.049147183617090584   
180 1800 0.0380938796207496 16.403778422004365 0.5160284159966765 5.1602841599667648e-01 0.5963914397747969 0.6825246568039758 0.12704599254334226   
181 1810 0.037871169694614626 16.24231946425138 0.5160284159966765 5.3764243305670778e-01 0.5858022639481986 0.6437069799528058 0.02723004156756359   
182 1820 0.037494012122527585 15.57677752416233 0.5135478981438569 5.1354789814385693e-01 0.5762424677660141 0.6206060677639195 0.06855069047806417   
183 1830 0.03918660227421493 15.106996042795007 0.48869671898852207 4.8869671898852207e-01 0.5693903945853869 0.6437475619801145 0.0736092891900546   
184 1840 0.042599428513238474 15.322676256457742 0.43897968679807764 4.3897968679807764e-01 0.494175692330115 0.6040989789147737 0.03609566087468963   
185 1850 0.04410325439494599 16.535358596507475 0.43897968679807764 4.4109190899675954e-01 0.4932039884003534 0.6240616966704027 0.07527999603971997   
186 1860 0.04110891724574566 16.33356878267157 0.43897968679807764 4.8058906732774570e-01 0.49880169650508943 0.667750942046458 0.07343706699590091   
187 1870 0.040124864170701886 17.215322950492588 0.43897968679807764 4.4184460014227256e-01 0.515469072838015 0.5387355784528199 0.03878906397677617   
188 1880 0.03830821732974943 17.65820111429116 0.43897968679807764 4.4514284023564676e-01 0.5192913201313729 0.5917974912942221 0.07509811116583054   
189 1890 0.036426560852806086 16.78877624248932 0.4349035298708508 4.3490352987085079e-01 0.5097926551464609 0.5275730187750105 0.0716752163314408   
190 1900 0.03753000363655673 16.508909266930125 0.40824957802910367 4.0824957802910367e-01 0.46920658731954556 0.5313470277475294 0.05370548368041389   
191 1910 0.04143782868185496 17.514327415301285 0.40116100135519944 4.0116100135519944e-01 0.4488737005024477 0.5028329209345009 0.04678221258916243   
192 1920 0.04336678071238928 19.25678534340814 0.38370422835641543 3.8370422835641543e-01 0.41602230119865286 0.5223644091353609 0.038228510996552834   
193 1930 0.04223845579585603 18.721557798584826 0.3833186724688603 3.8331867246886031e-01 0.43533309268400405 0.555137602411642 0.06985458469744632   
194 1940 0.03920871704793794 19.161289691051643 0.377524875257651 3.7752487525765099e-01 0.40771931028014863 0.5534388803288534 0.023061474976949825   
195 1950 0.03649450373222849 19.303101391295463 0.37574493904368556 3.7574493904368556e-01 0.4235628007789216 0.5293432538954856 0.05237325200598636   
196 1960 0.03502611143893335 18.885862415321597 0.3539741963022135 3.5397419630221350e-01 0.39258293745259576 0.4749197482887546 0.05651465760121005   
197 1970 0.03301601236883556 19.12009666877905 0.3536488709205807 3.5364887092058073e-01 0.41589318669176006 0.47106046950211944 0.05651592681420675   
198 1980 0.03206129135765931 18.938773892749122 0.3536488709205807 3.5612769008436107e-01 0.3810408208661895 0.4116556200855641 0.024908644789230383   
199 1990 0.032105996665596624 18.918065301223237 0.3202097873840638 3.2020978738406380e-01 0.3645545123571303 0.39577808356067934 0.03132244098003062   
200 2000 0.03225593732620284 19.836451469156692 0.3202097873840638 3.2463053007798220e-01 0.3421695848816728 0.38820646041060525 0.03661250251755077   
201 2010 0.03411695867627991 18.995156530918546 0.3202097873840638 3.2777890264220533e-01 0.36742484825384975 0.40169490550097997 0.03451836181013285   
202 2020 0.031115637793278996 19.10020397722952 0.3202097873840638 3.2632942566244660e-01 0.3554279360416718 0.3983708086945529 0.020854641692758136   
203 2030 0.02713741735334936 19.652433464599238 0.3119930807483718 3.1199308074837179e-01 0.34636948081590435 0.3781003091447513 0.027930692096924947   
204 2040 0.02687946100302186 19.300649576974664 0.30639723582736034 3.0639723582736034e-01 0.335950272458881 0.37427871473368196 0.03899526050568852   
205 2050 0.02785462067917342 18.934738031295407 0.2983174447105743 2.9831744471057431e-01 0.3259901431886754 0.34691145369953 0.032217186595157654   
206 2060 0.029102851478506934 19.023480834788636 0.2902352701576948 2.9023527015769479e-01 0.30380593280583174 0.3524078672402975 0.03647474424970837   
207 2070 0.028445460080808168 19.607138900025163 0.2902352701576948 2.9328374976400928e-01 0.311621472741484 0.3269345106415983 0.016629250344694535   
208 2080 0.028040463252512984 20.23081463022645 0.27316070238678974 2.7316070238678974e-01 0.30255253367836243 0.32996305636085466 0.013086329607125524   
209 2090 0.026912714308105837 20.403917637400625 0.27316070238678974 2.7916780748202263e-01 0.301821670419131 0.32776446548982185 0.01618264461569946   
210 2100 0.02467239916912351 21.074633025561692 0.27316070238678974 2.7595007553294232e-01 0.29810640577795366 0.38645220780869793 0.05299466812198195   
211 2110 0.025581326891994282 20.77728813360151 0.26565692587663775 2.6565692587663775e-01 0.2965550628866971 0.3010071851570066 0.011667384338093056   
212 2120 0.02461917600516355 20.086310474180703 0.26565692587663775 2.7248005489276517e-01 0.28516218707417496 0.30773465769177105 0.009370752140687666   
213 2130 0.02532634060634246 19.2343966196329 0.256771336392535 2.5677133639253502e-01 0.2817665083366375 0.29544517676771415 0.010148397211086124   
214 2140 0.028104658733990456 20.312691949572525 0.2545218603190573 2.5452186031905732e-01 0.2708734738543062 0.303301225286193 0.016061547271639498   
215 2150 0.03279304473065577 20.145495075378314 0.24732962234527825 2.4732962234527825e-01 0.2710017239945161 0.2963053213303916 0.025144517354540985   
216 2160 0.03452497306709361 19.773954693967863 0.24018375459715408 2.4018375459715408e-01 0.2754381096819624 0.28143782783731175 0.010775282769436068   
217 2170 0.03196130801257976 19.03669907264248 0.24018375459715408 2.5101336177638450e-01 0.27047262145124273 0.3551586455776646 0.02097228169806259   
218 2180 0.031684116774850536 18.245728573222095 0.24018375459715408 2.4408064796975845e-01 0.27368531739698043 0.2979871426837233 0.03141118800758563   
219 2190 0.028406154762082674 17.985118272497747 0.232576136022181 2.3257613602218100e-01 0.2636544539033432 0.27603280080141723 0.0203004484599901   
220 2200 0.02630982374489874 17.780573964950282 0.2260219102555901 2.2602191025559010e-01 0.24997454019144205 0.2849046531553693 0.03152651326797001   
221 2210 0.026841993786967965 18.32609371682523 0.22114524037074806 2.2114524037074806e-01 0.2322091295389624 0.27005780051866957 0.01624955390469396   
222 2220 0.03332699756417193 19.53272648575776 0.2149304656983046 2.1493046569830460e-01 0.23489091236409707 0.2414462980209757 0.013679092940445503   
223 2230 0.03479965379473765 21.175145844263554 0.2021822744814476 2.0218227448144760e-01 0.2403640552528854 0.25647382461378954 0.04179095318557083   
224 2240 0.032135285387613004 21.21640541697389 0.2021822744814476 2.0959038935263682e-01 0.23141310643742652 0.24724224941230918 0.018496543392634707   
225 2250 0.03614827853106981 20.936106436356386 0.19843774032581282 1.9843774032581282e-01 0.22742272322300047 0.2684424141233741 0.024646275866809536   
226 2260 0.042819602308781714 21.692792225570734 0.19688369241451703 1.9688369241451703e-01 0.21572616331712363 0.2697031441394503 0.017253416829932228   
227 2270 0.04360466612319965 21.812518866115692 0.1952431064204505 1.9524310642045051e-01 0.2378115055244855 0.2710135208913438 0.025717676105310755   
228 2280 0.04702753842682586 21.311456104438932 0.18647743803940867 1.8647743803940867e-01 0.21171502260977448 0.25814598825930124 0.0674054631439655   
229 2290 0.04796303486712852 22.472113877864878 0.1576393927049023 1.5763939270490229e-01 0.22390125882974934 0.2920311034187867 0.045598627273948644   
230 2300 0.049634754046957046 21.088556140373466 0.1434566725007157 1.4345667250071570e-01 0.19574244935248844 0.220794564978049 0.04306109969265848   
231 2310 0.05312339492664884 21.139745411601268 0.1434566725007157 1.5341357485014007e-01 0.1784142296548894 0.20571737354908104 0.013603592087557737   
232 2320 0.050757101315677726 21.045977131235002 0.1271301651979599 1.2713016519795989e-01 0.20388246785119207 0.26677907189707084 0.0981746418948044   
233 2330 0.05142992601834638 21.730046424203714 0.1271301651979599 1.5082794831390725e-01 0.1908629645842263 0.220737728146331 0.050155396111580264   
234 2340 0.05743656499168735 23.04531127425885 0.10792349325207923 1.0792349325207923e-01 0.19355216440589967 0.2138296203843445 0.043898393621363885   
235 2350 0.059050476266522156 25.10370746296572 0.10792349325207923 1.1699837664745782e-01 0.1708023977940275 0.19263147598359914 0.047217651216998446   
236 2360 0.060377003289615164 24.803954326440323 0.10792349325207923 1.3371355908408328e-01 0.18769414117719363 0.36201239703322735 0.04117410553102108   
237 2370 0.05479692939831251 25.8147026966569 0.10443772546670779 1.0443772546670779e-01 0.16366238752673837 0.22630767550479933 0.02555213626384964   
238 2380 0.051590063332542256 24.69110248615127 0.09232342557628007 9.2323425576280066e-02 0.12941388922816802 0.1734930004577996 0.025181034920289183   
239 2390 0.05077524496855263 25.1860950143543 0.09232342557628007 1.1222621741193950e-01 0.129105610389529 0.15995698924745508 0.029286492908080664   
240 2400 0.04840918997923477 26.984578472509742 0.09197890343365317 9.1978903433653170e-02 0.14421581741570327 0.252543375529683 0.035151412185252084   
241 2410 0.05102010684283191 27.508764061624515 0.0755349006102109 7.5534900610210898e-02 0.12058864962831622 0.16695946120414645 0.03395449824712217   
242 2420 0.05664720757113977 27.420210092986984 0.0755349006102109 9.6591955887617598e-02 0.11645642938748593 0.1565461861162968 0.015915571197216483   
243 2430 0.054172896679399334 25.693086986032977 0.06834106428091402 6.8341064280914021e-02 0.13145499772706018 0.23823869103888495 0.026313165291881324   
244 2440 0.05166945157645633 25.281558496302882 0.06649436755585124 6.6494367555851239e-02 0.12799100570213137 0.1911761400688065 0.04176823430766799   
245 2450 0.05134272070971422 26.217898952288728 0.06649436755585124 7.3741007732285258e-02 0.10379993450332718 0.15692570531124356 0.019599921146797275   
246 2460 0.04703070845934419 26.53887005833188 0.06649436755585124 8.3814631441395698e-02 0.0988095067898189 0.13722346336536598 0.020163576955526438   
247 2470 0.041636133615669965 25.851167205669707 0.06638937672837232 6.6389376728372321e-02 0.10054331428873058 0.12675353143386725 0.03337092477153068   
248 2480 0.04111691282733354 23.707682749478227 0.05658448176587599 5.6584481765875987e-02 0.07862674762116907 0.08919022154943267 0.01642588401888881   
249 2490 0.045680467991085785 26.13351933699746 0.0487017403964156 4.8701740396415602e-02 0.06808563986479058 0.13604046695438116 0.025280174580599404   
250 2500 0.050133811725788395 28.550679018070085 0.048196295123891855 4.8196295123891855e-02 0.0768961792416975 0.1400445488218239 0.03190724703869921   
251 2510 0.05123816980216948 30.495429823356318 0.048196295123891855 5.1693100087545192e-02 0.07533686543657973 0.11595162392714445 0.030091872717721298   
252 2520 0.05185161636176902 32.41208287007033 0.048196295123891855 5.4564430264589014e-02 0.07672766618218332 0.10892840607816118 0.023178166310928658   
253 2530 0.0539027905532969 35.5467693012545 0.048196295123891855 4.9279465420267371e-02 0.06978074285947655 0.11048113349251915 0.024415623967709993   
254 2540 0.05399190323079102 40.40430236015214 0.03269293128983737 3.2692931289837371e-02 0.05672006579568882 0.09628631195243148 0.03266190286790828   
255 2550 0.058793501159504956 42.10967747375005 0.023862451861258842 2.3862451861258842e-02 0.05174232296554848 0.11486778771465134 0.03643645644990894   
256 2560 0.05811193227065678 36.908747703507736 0.023862451861258842 2.6776851468467942e-02 0.061912486607960025 0.10894369185111728 0.0311234145553861   
257 2570 0.054136501934840285 35.00401156753 0.023862451861258842 3.0475434989515944e-02 0.05153459706453027 0.07393166521113659 0.01444173828333413   
258 2580 0.04818121690387302 35.49028314634111 0.023862451861258842 2.8853191915808967e-02 0.04267371846904225 0.08323227979012943 0.03275240341146097   
259 2590 0.042398506315104854 35.109082881680806 0.023862451861258842 2.7143312676455915e-02 0.05178807414380762 0.06980182729331223 0.027220456174348165   
260 2600 0.041101071215805925 34.72450474179175 0.023748349259071377 2.3748349259071377e-02 0.03770856712518479 0.05666582764559351 0.019491205849535172   
261 2610 0.039368150900018016 35.66698563803104 0.021581389377623567 2.1581389377623567e-02 0.034536402647398066 0.07887438606382599 0.02095565981020598   
262 2620 0.03869477097157531 38.22560226205421 0.01552197372842881 1.5521973728428810e-02 0.0384161755246663 0.04555313079497722 0.009264255259226285   
263 2630 0.04641284895618829 39.4981002273262 0.007785246136868247 7.7852461368682468e-03 0.022862367060002962 0.03294543564408457 0.011795022568944278   
264 2640 0.04426119238080112 43.45091564890003 0.007785246136868247 1.5161327330235529e-02 0.03140535294964651 0.0771137672433576 0.016174337917384506   
265 2650 0.03836696480640677 42.25583760429918 0.007785246136868247 1.4968182104006550e-02 0.028066577046785612 0.03698978495334872 0.005606002309930649   
266 2660 0.03554184759414417 41.35814134504773 0.007785246136868247 1.5508297705050082e-02 0.01961661511845141 0.029233573440640002 0.005797052802128524   
267 2670 0.030877059175344716 41.218765986349716 0.007785246136868247 1.3056318178790615e-02 0.018753875413254503 0.0521226582668122 0.005706882320219965   
268 2680 0.0281193487466183 40.99688940205062 0.007785246136868247 1.2199114861710460e-02 0.0186171780196299 0.027428331590657315 0.0077895105528029696   
269 2690 0.027806257854071606 41.812227062040876 0.007785246136868247 1.0810758814869214e-02 0.013655701104672034 0.018213343350837338 0.0017263296055968994   
270 2700 0.026485922443547867 42.49239692741255 0.006454008800037922 6.4540088000379220e-03 0.012919495307966017 0.019274308406835423 0.00417878802765272   
271 2710 0.025947925149475134 43.166995960926265 0.006454008800037922 7.5581850068131657e-03 0.009490502506022081 0.015626550516423268 0.003238642558973456   
272 2720 0.024066362070317582 41.902036486829374 0.006454008800037922 7.7507582319776445e-03 0.009595650963471525 0.013758762901691389 0.002189094374043096   
273 2730 0.021259343308425546 41.3524219390489 0.006418610711036157 6.4186107110361570e-03 0.011730112654484863 0.01743476780037774 0.008510693519510136   
274 2740 0.020647356337291298 38.70981368326281 0.006299990022661706 6.2999900226617059e-03 0.008678530181528348 0.01140664927415504 0.0014349503339156355   
275 2750 0.019814868762681553 39.995872335537925 0.005860733679515852 5.8607336795158524e-03 0.008299610483034637 0.011017324478700023 0.002758560920361447   
276 2760 0.01951623994079989 41.75621855569473 0.00484896679380632 4.8489667938063198e-03 0.007689084280024471 0.01287782742848479 0.0023467040721638476   
277 2770 0.019732616484854592 41.59715319725897 0.0035683741012534223 3.5683741012534223e-03 0.006031223233509464 0.009446342045840078 0.00344990219803336   
278 2780 0.020979481925949377 44.39081598488193 0.0025763776503074896 2.5763776503074896e-03 0.006411990520270493 0.00927296871850274 0.004045902659054329   
279 2790 0.024369895937523194 46.91097648036246 0.001718080316399415 1.7180803163994150e-03 0.00468986432984962 0.0076062663463981875 0.0010900708566601255   
280 2800 0.02538184252948932 49.102387007970435 0.001718080316399415 2.5005774863338963e-03 0.004751594597253649 0.006439560139810707 0.0014574595121802994   
281 2810 0.026324409254382973 51.08795956516292 0.001718080316399415 1.7568731705098818e-03 0.005144519468873745 0.016185710420170182 0.003073980831388189   
282 2820 0.0228067142313831 51.80809983921116 0.001718080316399415 2.3064918747533209e-03 0.00561133074136802 0.011380443302370457 0.0029599280862358844   
283 2830 0.021475620199104536 52.23616643217009 0.001718080316399415 1.7660762565471098e-03 0.004125019806126949 0.0075151483787807795 0.001898964001181469   
284 2840 0.019945384041421377 52.5033204497745 0.0013083636051038415 1.3083636051038415e-03 0.0038452373506352756 0.006511715775940636 0.003172244262046043   
285 2850 0.01959688608679053 52.21175210895677 0.0013083636051038415 1.6361712795415167e-03 0.0024247583164505194 0.005508491846872887 0.0010950601028810207   
286 2860 0.019332116289071662 48.49806566188198 0.00030582850494578854 3.0582850494578854e-04 0.0026191034586063302 0.004239137595501606 0.00152911720230301   
287 2870 0.016907933954295146 51.635989585601045 0.00030582850494578854 8.7744887565220035e-04 0.001990620810170168 0.004386417710965426 0.0007239740155209392   
288 2880 0.016800577639127373 50.03852045463592 0.00030582850494578854 8.1678637323376845e-04 0.00186574783683957 0.0026486863943851564 0.0011003664369236897   
289 2890 0.015721537375729813 51.18066669245113 0.00030582850494578854 6.2221288523795480e-04 0.0012626534835906017 0.0021404854764430353 0.0004754534189275691   
290 2900 0.014951536174568715 49.33438703468667 0.00030582850494578854 3.0905244609653740e-04 0.0010573800488452173 0.002249460659543408 0.00045408489798938587   
291 2910 0.013301045754900032 52.24574666659306 0.00030582850494578854 5.0291089883781317e-04 0.0009658022044974656 0.0019998135336003085 0.00048517371250074155   
292 2920 0.011427179433270753 52.91375855050672 0.00030582850494578854 5.1728852592390618e-04 0.0008308279319698586 0.0017563408882371777 0.0006484514151910026   
293 2930 0.01086249125422482 53.657064085445036 0.00024685898807907903 2.4685898807907903e-04 0.0005781103503306182 0.0008598969104205263 0.00043827984990371194   
294 2940 0.010114007586943662 54.5568345261709 0.00024423175149356006 2.4423175149356006e-04 0.0005034964760952146 0.001197637542936459 0.00042756005336254876   
295 2950 0.008728362454400498 53.799957146143015 0.00012933162541482718 1.2933162541482718e-04 0.0005304915617688282 0.0015527232354719197 0.00036935869473405807   
296 2960 0.007915511106660035 54.34506781394521 0.00012933162541482718 1.5562967965773763e-04 0.0004595362803170804 0.0005788062198638926 0.00035047709631986514   
297 2970 0.00730270911737714 54.824746330953815 7.182485089807507e-05 7.1824850898075072e-05 0.00038924529185481785 0.001041182804998564 0.0002065211790300924   
298 2980 0.006532846307814948 53.969140124564305 2.6678082106531773e-05 2.6678082106531773e-05 0.00019296017572097254 0.0003396482564753126 0.00015353056343030027   
299 2990 0.005801958232359898 54.998559693751915 2.640397329483985e-05 2.6403973294839849e-05 0.0002349426782137241 0.0003230106252279272 0.00016352940422235734   
300 3000 0.00511689423276576 54.352994831760235 2.4683906406420732e-05 2.4683906406420732e-05 8.14548766058128e-05 0.00026547290752887453 0.0001052153584657914   
301 3010 0.004552847108580742 54.50607989932254 1.2738957945974224e-05 1.2738957945974224e-05 6.922210453597387e-05 0.0001727853575456173 9.791682702910358e-05   
302 3020 0.004160957222009587 56.67425019724234 1.2738957945974224e-05 2.0142502237393694e-05 5.5323582142138225e-05 0.00012230999140359797 4.999526490110095e-05   
303 3030 0.0038370857138893886 54.680673860309184 9.264620366705788e-06 9.2646203667057883e-06 4.926815947984654e-05 8.887053341437083e-05 2.5782925602868797e-05   
304 3040 0.0034001223192410635 53.59223830285159 9.264620366705788e-06 1.4603360462943276e-05 3.6323351109991915e-05 7.299807428276818e-05 4.839765751875854e-05   
305 3050 0.003363089613186374 55.638552798308936 9.264620366705788e-06 1.5768047751793702e-05 2.3118346247967226e-05 6.829218604514206e-05 1.0487102332617816e-05   
306 3060 0.003260530301032403 58.16639957394436 9.264620366705788e-06 1.2669141601865242e-05 4.5044351074686965e-05 6.689528714606428e-05 3.35633454458805e-05   
307 3070 0.002885385917303051 58.58907009830108 9.264620366705788e-06 1.0263895867988346e-05 3.0422165674382004e-05 7.714732709930366e-05 2.9524529387219388e-05   
308 3080 0.002737799117792054 58.55741107751899 9.264620366705788e-06 1.0291920467890190e-05 2.9354453496964855e-05 6.197046993271422e-05 2.630838795335731e-05   
309 3090 0.0023734343917123455 55.95963764387931 8.880461791273196e-06 8.8804617912731960e-06 1.631899244742931e-05 2.4101704902065753e-05 1.0676434237648673e-05   
310 3100 0.0022113687883450954 56.59282155678435 7.144065290837306e-06 7.1440652908373056e-06 1.6142333299927e-05 2.6652894107032862e-05 1.1311618576274137e-05   
311 3110 0.0019950106633336052 55.106638130305214 2.780395383999342e-06 2.7803953839993421e-06 1.1609780296197019e-05 2.664956002281839e-05 1.2096177765693601e-05   
312 3120 0.001679677164862053 59.83967504280934 2.780395383999342e-06 3.1223406975434448e-06 9.831095035477317e-06 1.7524603404748907e-05 7.037341741102296e-06   
313 3130 0.0015637906630610366 60.027705106306506 2.780395383999342e-06 4.1940896926514536e-06 9.445406847896942e-06 1.1853196160675429e-05 3.360175857483518e-06   
314 3140 0.0014839280480265326 61.87748957879207 2.7772180617185224e-06 2.7772180617185224e-06 9.11642086238578e-06 1.6405618593384364e-05 5.175709146210501e-06   
315 3150 0.001391609456357822 59.624466286999635 1.7408780735578238e-06 1.7408780735578238e-06 5.542620760558651e-06 1.3300092379498627e-05 5.02127063593893e-06   
316 3160 0.0011840279677065024 59.18663421178362 1.4326829810733345e-06 1.4326829810733345e-06 3.4360416307810138e-06 8.640334199628883e-06 3.6037997787680217e-06   
317 3170 0.001037822492740194 58.136122595568125 6.68860830236518e-07 6.6886083023651803e-07 1.7974918636749478e-06 4.076854392622956e-06 1.692585950374839e-06   
318 3180 0.0009464129972980716 56.30639552145255 6.68860830236518e-07 1.0928514564567302e-06 2.385644435063607e-06 3.0158592223940485e-06 1.2709891391800562e-06   
319 3190 0.0009072012167242518 59.69774946927317 6.68860830236518e-07 1.0365032356641009e-06 2.014607200769865e-06 3.8126755922183582e-06 7.487056569629097e-07   
320 3200 0.0008143177535552768 59.41022135064319 5.223602766141136e-07 5.2236027661411357e-07 2.0880182840283417e-06 3.8001046608839075e-06 1.7038354500005228e-06   
321 3210 0.0007732472091234834 59.63871934767646 5.212778836805603e-07 5.2127788368056028e-07 1.1397210248639068e-06 1.7835004325191575e-06 7.458377572166355e-07   
322 3220 0.0007100720659312001 60.58277964458679 5.212778836805603e-07 5.2375761143279841e-07 9.93299063580487e-07 1.81062891647915e-06 5.705538518248457e-07   
323 3230 0.0006103857860515201 63.63553634208088 3.551317324554295e-07 3.5513173245542951e-07 9.311728862908836e-07 2.080367269440795e-06 4.772844882561456e-07   
324 3240 0.0005891199396240687 65.00259895548196 1.1230473221292444e-07 1.1230473221292444e-07 6.966924163365013e-07 1.0764271437233266e-06 5.133315079853203e-07   
325 3250 0.0005686212621482496 66.56623563069485 1.1230473221292444e-07 2.3377368294577573e-07 6.156034491155211e-07 1.0793645439156435e-06 4.837655869261088e-07   
326 3260 0.0005507547679488823 64.56894966896421 1.1230473221292444e-07 2.3762524000920646e-07 5.506876370904908e-07 1.090699011785564e-06 4.3875723467793914e-07   
327 3270 0.0005092074497230984 66.33364842200024 1.1230473221292444e-07 2.3604792135345412e-07 3.274109856939243e-07 1.3911017315733095e-06 2.468580969267688e-07   
328 3280 0.00043972880745279654 68.87576476052848 1.1230473221292444e-07 1.3434073667976310e-07 3.742533933239183e-07 5.651624095457262e-07 2.9160791637117186e-07   
329 3290 0.0004001580307600056 70.0991704064994 7.154404316723486e-08 7.1544043167234856e-08 2.38568208997228e-07 4.4992220817665477e-07 1.4181852122283167e-07   
330 3300 0.0003600416412303947 72.52846371364485 5.877920896940132e-08 5.8779208969401322e-08 2.5190101915423376e-07 4.88296830053334e-07 1.9025665235574552e-07   
331 3310 0.0003439547823140834 72.97491266132491 5.877920896940132e-08 7.0749752385637685e-08 1.522781616596672e-07 3.2136720416394206e-07 7.085510078646169e-08   
332 3320 0.0003174616588491307 75.93383350708015 5.471302285781149e-08 5.4713022857811490e-08 1.5668126979838286e-07 2.9719617937010543e-07 1.1115200581685615e-07   
333 3330 0.0002728993526613675 75.28649221636462 3.88973319671303e-08 3.8897331967130298e-08 1.317081412379288e-07 2.7881215009956937e-07 1.428644244784534e-07   
334 3340 0.0002459060865905576 70.9537155043233 3.3758548607989966e-08 3.3758548607989966e-08 9.904584119596623e-08 1.551157170337721e-07 5.429468780852929e-08   
335 3350 0.00023435323474547604 71.64118905697771 2.3009262754112952e-08 2.3009262754112952e-08 8.729263030220688e-08 1.625272532085989e-07 7.12894521710882e-08   
336 3360 0.00021047789243007565 69.88801793594885 9.139057332719364e-09 9.1390573327193641e-09 4.4244077457575745e-08 1.2406854915841165e-07 4.809865132109341e-08   
337 3370 0.00019707141304178697 70.75919091689838 9.139057332719364e-09 9.5494753661918257e-09 5.984998794486138e-08 1.3939665414038732e-07 5.1344788417483454e-08   
338 3380 0.0001772524349586392 69.72593860524366 9.139057332719364e-09 1.7234445678191574e-08 3.826537573603167e-08 6.41971605069132e-08 1.87954856262608e-08   
339 3390 0.00015717961711471325 72.15500961240114 9.139057332719364e-09 1.2374298101785930e-08 2.7673192853432712e-08 6.520537491715362e-08 2.9702203082808825e-08   
340 3400 0.0001419592115151369 72.82386317043819 9.139057332719364e-09 9.9011287447413408e-09 1.881714266087821e-08 3.189408764306609e-08 1.2828369125943585e-08   
341 3410 0.00013148235786390646 73.3485234563389 9.139057332719364e-09 1.2224078813626602e-08 1.735350909861072e-08 4.351266082012081e-08 8.197315664569787e-09   
342 3420 0.0001147721333071387 73.13670069581896 1.0028257004738883e-09 1.0028257004738883e-09 1.3595719192005888e-08 4.173812826015929e-08 5.544792068694227e-09   
343 3430 0.00010920889274997045 71.92765600846145 1.0028257004738883e-09 4.4378067592103809e-09 1.3771604767560344e-08 2.0906712156564988e-08 8.17491803386828e-09   
344 3440 9.612654133608694e-05 73.49355647269864 1.0028257004738883e-09 4.3963561580214420e-09 1.3278525728970464e-08 1.933687510503022e-08 6.867831699112318e-09   
345 3450 8.781795582925299e-05 71.29035101910705 1.0028257004738883e-09 4.5008054057442756e-09 1.2269910861207237e-08 1.3989760050173983e-08 5.332921164061009e-09   
346 3460 8.155232074270661e-05 72.38274570092182 1.0028257004738883e-09 4.0879511080557822e-09 7.807529450043095e-09 9.51526274233346e-09 3.611461191148647e-09   
347 3470 7.652727709091469e-05 69.2607033102538 1.0028257004738883e-09 3.4904428886986845e-09 7.962211057101522e-09 2.3977385903842703e-08 4.8852793595523406e-09   
348 3480 7.008752846010931e-05 70.0284468805789 1.0028257004738883e-09 1.6383548168360439e-09 4.850274041723591e-09 1.069130296346376e-08 1.8965189928511475e-09   
349 3490 6.431462627227417e-05 69.0152164012122 1.0028257004738883e-09 2.0729999314256818e-09 4.652622726657505e-09 7.612100060059021e-09 2.039750940997852e-09   
350 3500 6.074095716605365e-05 66.75626448941976 1.0028257004738883e-09 1.0069619528252290e-09 4.699410011175774e-09 6.888515349304564e-09 1.9287494859613804e-09   
351 3510 5.2559273502052064e-05 65.93270832824349 8.317959122066934e-10 8.3179591220669344e-10 1.875318126218487e-09 4.790447308246212e-09 1.1731805558845658e-09   
352 3520 4.751224665153677e-05 65.92511683038003 8.317959122066934e-10 8.8645118523045188e-10 2.3753506404261345e-09 3.887897441410198e-09 1.7131560485106376e-09   
353 3530 4.483274284499388e-05 66.54792644608892 4.954220590864094e-10 4.9542205908640942e-10 2.0559317722414797e-09 2.678047410858095e-09 8.292824765995934e-10   
354 3540 4.4477738536598665e-05 66.91933166035373 4.954220590864094e-10 5.5369936926573467e-10 1.1393361697196381e-09 3.076554731323601e-09 8.703695930565914e-10   
355 3550 4.1775048275785644e-05 66.84949143933066 4.1173043039165145e-10 4.1173043039165145e-10 1.183017094550973e-09 2.329350523601011e-09 7.542016695548492e-10   
356 3560 3.8734763143275975e-05 66.34389659161735 4.1173043039165145e-10 5.4502310660462857e-10 1.226541023614147e-09 2.679098769792178e-09 6.106528751056354e-10   
357 3570 3.553940175081292e-05 67.06932180647009 4.1173043039165145e-10 5.1511647651087609e-10 9.836980075926646e-10 2.001662824290868e-09 1.1203451729944353e-09   
358 3580 3.2948131332401657e-05 68.68977977218913 3.6057382904584176e-10 3.6057382904584176e-10 9.307456599679811e-10 1.199563785324531e-09 4.6440036926479056e-10   
359 3590 3.0148975384430694e-05 68.8008510846352 1.6491268885812524e-10 1.6491268885812524e-10 9.276771643060543e-10 1.7341555776206746e-09 4.006125067203557e-10   
360 3600 2.7729760018487633e-05 65.03157763883542 1.6491268885812524e-10 1.7464597859165446e-10 3.59132261323105e-10 7.798994250245299e-10 2.2393736254514663e-10   
361 3610 2.4682657273548076e-05 67.42569535151459 1.6222698565425825e-10 1.6222698565425825e-10 4.5094633414013034e-10 6.83726091839897e-10 3.5354154301188133e-10   
362 3620 2.286771299700043e-05 68.82905499442805 1.6222698565425825e-10 1.7888689237423619e-10 4.0543219666528215e-10 8.002504221929006e-10 1.7971587892383805e-10   
363 3630 2.0597831999933673e-05 74.38644114902516 1.3881310355623832e-10 1.3881310355623832e-10 3.2147154208690225e-10 4.961352868294658e-10 1.8470960537857908e-10   
364 3640 1.8786678256988618e-05 75.18667040908264 7.406700015257306e-11 7.4067000152573059e-11 1.9601666080423147e-10 3.3189417619576595e-10 1.299699890579979e-10   
365 3650 1.7923366071313458e-05 71.4849806832877 7.406700015257306e-11 9.9482934785753083e-11 2.1561995274434757e-10 4.944922462790796e-10 1.4031846216010966e-10   
366 3660 1.83402994552192e-05 68.54847010960349 7.406700015257306e-11 1.1120041680458573e-10 1.7539488535969985e-10 3.3338925914353837e-10 6.47407059942372e-11   
367 3670 1.7431456006613667e-05 69.19299457204144 4.301678103893165e-11 4.3016781038931650e-11 1.8902339675891082e-10 2.1258399116038131e-10 5.708865594866205e-11   
368 3680 1.653648680847039e-05 70.09225113956926 4.301678103893165e-11 9.3355872448838020e-11 1.4330309379401773e-10 2.9692540610680926e-10 6.375251480687022e-11   
369 3690 1.635258450751228e-05 73.26216180658975 4.301678103893165e-11 5.1942757933455775e-11 1.5470253680402494e-10 2.9520847526966226e-10 1.6146675969813864e-10   
370 3700 1.5342817987355862e-05 69.77965261642174 4.301678103893165e-11 4.3779641063042901e-11 9.44984163551236e-11 1.3735151046142921e-10 3.233718058679907e-11   
371 3710 1.4344161918531743e-05 72.17513813977874 4.301678103893165e-11 4.4588118721026842e-11 1.2299797133566605e-10 2.4830491435206486e-10 1.1255799153697748e-10   
372 3720 1.1947007563614715e-05 76.4802376338478 2.9900298955686545e-11 2.9900298955686545e-11 8.593868202503536e-11 2.4667327104225556e-10 6.90882917051434e-11   
373 3730 1.1107533569383742e-05 76.17843186563755 2.8172002646428417e-11 2.8172002646428417e-11 7.091157202664025e-11 2.0281735736030728e-10 2.8528288421013442e-11   
374 3740 1.02516835557998e-05 79.27326079816238 1.1788280639057958e-11 1.1788280639057958e-11 4.897898888570828e-11 1.2763975767663857e-10 5.7335195758807477e-11   
375 3750 9.475207349226498e-06 75.0219950235319 1.1788280639057958e-11 1.3219691003681623e-11 2.281324300254806e-11 6.282316144100951e-11 1.2399592092263387e-11   
376 3760 8.680089252814454e-06 75.82412548606706 1.0245201577762748e-11 1.0245201577762748e-11 3.0710172640607355e-11 6.33010477188375e-11 1.9902461028928703e-11   
377 3770 7.786366418954236e-06 73.84067536587636 8.121385723342417e-12 8.1213857233424168e-12 2.706092804212995e-11 7.723546539130617e-11 1.146478625785124e-11   
378 3780 7.317731612478689e-06 71.20703751220877 8.121385723342417e-12 1.0658171699830193e-11 2.0660752810375958e-11 4.983302309898956e-11 1.3735675305548224e-11   
379 3790 6.387742686975677e-06 71.69601635609042 5.499101337929789e-12 5.4991013379297888e-12 2.2891634354356792e-11 4.3930116755203885e-11 8.502968116525547e-12   
380 3800 5.8319788469775446e-06 71.86490550298744 4.285273225760095e-12 4.2852732257600948e-12 1.5155627680862164e-11 2.7493322788166508e-11 1.421737425483105e-11   
381 3810 5.049012379741674e-06 71.90815626195574 4.285273225760095e-12 4.6906364079508603e-12 7.482405404610387e-12 1.5267129821429406e-11 2.1475870033630967e-12   
382 3820 4.782378160359498e-06 69.07792719793322 2.8896746387858704e-12 2.8896746387858704e-12 6.7900289401893436e-12 1.3018053754984926e-11 4.056098929776079e-12   
383 3830 4.332444550561603e-06 71.4898533086161 1.2740239061786883e-12 1.2740239061786883e-12 6.8812438374362256e-12 1.4487858604049525e-11 3.6198967428133285e-12   
384 3840 4.036902690817564e-06 68.50421848072278 1.2740239061786883e-12 1.7855172411629695e-12 4.707523316871882e-12 9.137732087015494e-12 2.835414056125547e-12   
385 3850 3.765325614455071e-06 67.42310790410934 9.045325777326165e-13 9.0453257773261645e-13 6.158692413426184e-12 1.0515803237237516e-11 5.9049205447856705e-12   
386 3860 3.7361756853941e-06 66.1148684708059 9.045325777326165e-13 2.2846143922524265e-12 3.9567360547832394e-12 7.373255775981383e-12 1.5271980728532558e-12   
387 3870 3.4543200617314552e-06 70.04060130085134 9.045325777326165e-13 1.5065357910608008e-12 2.802809177713779e-12 6.162854244156372e-12 2.7337353521749185e-12   
388 3880 3.1783914524472887e-06 74.3519553087672 9.045325777326165e-13 1.4244637696067367e-12 4.248383685243181e-12 7.430177551610346e-12 3.3216743689778037e-12   
389 3890 2.8369162281167e-06 72.97939136218929 9.045325777326165e-13 1.4610759648655719e-12 2.4111029619306584e-12 6.05555858304939e-12 1.5567668338570358e-12   
390 3900 2.5463034577422217e-06 73.24658171735506 9.045325777326165e-13 1.0782439406818741e-12 2.002690384014032e-12 3.2905094000972244e-12 1.161907001577724e-12   
391 3910 2.410870587067808e-06 72.23323228877722 7.720892548139212e-13 7.7208925481392123e-13 2.8555603860082115e-12 4.019618798156288e-12 2.6969976470158985e-12   
392 3920 2.3526095185542795e-06 71.94227013981593 5.778182477370791e-13 5.7781824773707907e-13 1.7150793318542185e-12 3.237833868351482e-12 1.176692098336481e-12   
393 3930 2.385000214278168e-06 67.77133132319929 2.585671580409718e-13 2.5856715804097179e-13 1.278859281385543e-12 1.5984946748139551e-12 5.117491005867368e-13   
394 3940 2.1741280288138374e-06 67.6653866886244 2.585671580409718e-13 5.0573648336554533e-13 1.6323990284248194e-12 3.0985000918542765e-12 1.4956282352901084e-12   
395 3950 1.9729787769396116e-06 67.7926990361849 2.585671580409718e-13 2.7328185679738670e-13 4.942949752898209e-13 1.0145479458432383e-12 2.343787808698619e-13   
396 3960 1.874939045978399e-06 69.66309923734892 2.585671580409718e-13 3.9076952559340090e-13 9.35882365441804e-13 1.791444992601934e-12 9.480004089459848e-13   
397 3970 1.6150082045802077e-06 68.76826140718411 8.433972204579438e-14 8.4339722045794382e-14 8.076210366403822e-13 1.411590967436837e-12 7.529609261757017e-13   
398 3980 1.3961243431077995e-06 70.6440301316958 8.433972204579438e-14 1.5760813634489035e-13 4.551668630171374e-13 6.974461826645847e-13 3.1010459431844e-13   
399 3990 1.2850008343963215e-06 71.08695320252575 8.433972204579438e-14 9.3508690007333383e-14 4.086877198292233e-13 6.633810092020605e-13 3.154806613636118e-13   
400 4000 1.1509092015546561e-06 67.31455695591256 8.433972204579438e-14 1.0087065804885364e-13 2.2625581108923546e-13 3.770687370852777e-13 8.427760160027965e-14   
401 4010 9.84729014876124e-07 67.16451448337635 6.637464911795034e-14 6.6374649117950345e-14 2.892813715369772e-13 4.496090800894935e-13 1.0004548422678718e-13   
402 4020 9.230042063541028e-07 67.48215730894337 6.637464911795034e-14 8.9868833928745686e-14 2.1596370650278334e-13 6.539372507534436e-13 1.4018416764173075e-13   
403 4030 9.052325606780736e-07 67.9647595561421 6.637464911795034e-14 9.7861711675536404e-14 2.237179943531723e-13 3.3961612829570183e-13 1.2700004971946911e-13   
404 4040 8.817020948873982e-07 66.94512026749781 5.3362867840214545e-14 5.3362867840214545e-14 1.978531888735834e-13 3.6550100522548545e-13 1.7858236096189782e-13   
405 4050 8.038315764375559e-07 64.89579867437 5.3362867840214545e-14 9.0755405559489812e-14 1.6203873777146353e-13 2.088958485234491e-13 6.323456453456293e-14   
406 4060 7.261385927997072e-07 63.22019293555659 5.3362867840214545e-14 6.5561501061804174e-14 1.5822359690665472e-13 2.746653582174649e-13 9.356886674489749e-14   
407 4070 6.915609131461353e-07 63.61357456159997 2.253924535414051e-14 2.2539245354140510e-14 8.647899772631765e-14 1.5368314760860897e-13 4.809857132855488e-14   
408 4080 5.58012896940453e-07 64.51335349773258 2.253924535414051e-14 3.1634896280206507e-14 9.60977013227297e-14 1.8410039125838399e-13 4.2829483362586887e-14   
409 4090 5.010903417931594e-07 67.4974825778306 1.6953320222885244e-14 1.6953320222885244e-14 6.094952278356435e-14 1.0385536263287385e-13 3.252819519815363e-14   
410 4100 4.822613921954512e-07 66.5897509522802 1.6953320222885244e-14 1.9226029268731326e-14 3.324841246946693e-14 4.538385191433471e-14 1.2134400644668483e-14   
411 4110 4.262167794762955e-07 62.16402040736894 1.152187465362475e-14 1.1521874653624751e-14 3.848303207523304e-14 6.396442247919777e-14 2.5931112343760312e-14   
412 4120 3.871959023315731e-07 61.12948732426615 1.152187465362475e-14 1.2427212068330186e-14 1.81651190165097e-14 4.6664228675082206e-14 1.609374757116496e-14   
