% # columns="iteration, evaluation, sigma, void, void,  stds==sigma*sigma_vec.scaling*sqrt(diag(C))", seed=799291, Sat Mar 22 10:12:56 2025, <python>{}</python>
1 10 0.4247371080455514 0 0 0.42577789324074283 0.40839676041716055 0.41743432429093064 0.4110687102450988 0.42832518952083265 0.4178697260532768 0.4119951041546307 0.4165539134311466
2 20 0.3825563865160106 0 0 0.38328169345558744 0.36046258842821893 0.3791829600438109 0.3683651878132558 0.37681572615067965 0.3705117081294096 0.35322469645727195 0.3766519403859637
3 30 0.3637773808325411 0 0 0.3600368134650671 0.34305428619905465 0.35427785920863575 0.3399855543798359 0.36051412295679225 0.344096641770467 0.3301915601320602 0.3650208844089191
4 40 0.3446554484624072 0 0 0.3515468326119135 0.3108827606745049 0.3336303561126485 0.3056783449674449 0.33174803427468064 0.32427829340622266 0.319730939622211 0.3435131433751548
5 50 0.3089432447833964 0 0 0.3125673644744349 0.2794931190381966 0.27164623937526533 0.2684673520802076 0.29450217687479907 0.28715800647734757 0.2817519707647412 0.30946792661582706
6 60 0.28338637583891485 0 0 0.28622333410898115 0.26015989247548676 0.2439093553516197 0.23407752653120378 0.2703744647466768 0.25277922499188765 0.2610025546797234 0.28493476228415143
7 70 0.25249040163187264 0 0 0.2517216176144377 0.2251946677685316 0.21794142038798017 0.21032139439207392 0.23629101163531963 0.21568330176053555 0.2234791505018069 0.24606958774328158
8 80 0.2312102683192237 0 0 0.22999488045080813 0.20724593119179452 0.19725429844698852 0.19289019257100357 0.20532989195747162 0.19528338052737967 0.19658320460277928 0.22447635662475235
9 90 0.20551216532725494 0 0 0.20026632169184644 0.183562853015536 0.17337531600864403 0.16920209118562243 0.1815330030931457 0.1711101333268063 0.16763817649782434 0.19046353719150066
10 100 0.18278168796853864 0 0 0.16852958078043523 0.16157119480615897 0.15167400071802506 0.14833847889006835 0.1595312110465638 0.14377926322900308 0.15013296487316619 0.17014238083775546
11 110 0.16024545587210767 0 0 0.14642938460689667 0.14167766923946742 0.1269780247584838 0.12939894132823357 0.13788655795729152 0.12566606690137092 0.1323300122593412 0.14585807066771617
12 120 0.1506959930571934 0 0 0.13127599644617963 0.13283920016736242 0.1179591048672912 0.12114096412684272 0.12446942708697953 0.11741540400100879 0.12542378739024554 0.14343339637691366
13 130 0.13761252930317658 0 0 0.11903868007764103 0.11669841031344222 0.10820006409343041 0.11015926283300524 0.1074367406926598 0.10703001519836508 0.11332548913743538 0.12936546862210221
14 140 0.13247877440972788 0 0 0.11397205126058349 0.11189636369313176 0.10207659813233179 0.1076208460912937 0.09954831659748975 0.10302088136042357 0.10839263715352214 0.12331392915634726
15 150 0.1273850421465414 0 0 0.11100703456585466 0.10563894240637565 0.0980734709189717 0.10103486740052536 0.09737278841953984 0.09529862808664234 0.10626034585206262 0.12150562441501425
16 160 0.11601667419402749 0 0 0.10052582010089194 0.09496873696251593 0.08777962906695976 0.0916388326388733 0.08734173724759679 0.08629649923869379 0.09356475595078224 0.10809732121646538
17 170 0.10546481044898862 0 0 0.09215260103192809 0.08245213262323284 0.07987543588715326 0.08453278979977724 0.08238291648349254 0.07724433187095806 0.08389108840009965 0.09774144179766767
18 180 0.09751374828009653 0 0 0.08623093992547409 0.07576005425104858 0.07402311669301258 0.07663374783794323 0.07379324650526033 0.07044777200010845 0.07664766105203918 0.08665355602234155
19 190 0.08751514334582454 0 0 0.07706832710438455 0.06882624872178629 0.0665415480188621 0.06910014917269987 0.06505231113515376 0.06073774540708556 0.06794733912892315 0.07202697438876293
20 200 0.07933714804354637 0 0 0.06983398710975385 0.060032790233104 0.057247994973206276 0.05984572432179017 0.06063291110110941 0.05374099545107133 0.06138829358491115 0.06490838238344941
21 210 0.07240821929836938 0 0 0.06211863917644923 0.052780060788479376 0.0515547152342522 0.05399738563286052 0.05469446126674388 0.049632744716016225 0.05616556920807601 0.05602425464684162
22 220 0.06730643260814927 0 0 0.06016558754454386 0.04907868385658897 0.04629268466224823 0.04976150943188868 0.04830798646830523 0.046055487468313505 0.050265382989681535 0.052244171836157906
23 230 0.06693952226904523 0 0 0.06244183900318778 0.04724832812682241 0.045494936001423625 0.04908303171664228 0.046987707886707766 0.045185215298348645 0.04991449461169188 0.05120904032278455
24 240 0.06104922323309616 0 0 0.05678917849199279 0.04316640314885386 0.040563187673423894 0.04395838213826355 0.04262562994266089 0.04117466143853851 0.044285143706407466 0.044680253929728846
25 250 0.05521251755791745 0 0 0.051400427786654324 0.038366272059766345 0.035880320987236154 0.039129069752692126 0.03851414301222216 0.03623254509176928 0.03871162151654539 0.03930953145765239
26 260 0.05132815552788674 0 0 0.04789544343733065 0.03501567999212678 0.03339461478155569 0.03284056442916012 0.03633559078556075 0.03380409466724756 0.03516408219028079 0.03644736711337951
27 270 0.050177180769039764 0 0 0.04848923821176066 0.03462569421434208 0.032096839379799146 0.03197159123626645 0.03571954547404634 0.03175604327387284 0.033789808781669324 0.035859801509066015
28 280 0.04584861180632229 0 0 0.04452139324567048 0.031681888438827806 0.029194267109357297 0.0283304426880167 0.031179060118340627 0.029113984157871173 0.030613323554141227 0.032394084551939345
29 290 0.0469599558944455 0 0 0.042988692862382084 0.032510307368132305 0.02970216832305504 0.028702888287931428 0.03181258612276046 0.030367926618673526 0.031323905166799414 0.033157040189420096
30 300 0.04270185201161679 0 0 0.03808967920569139 0.029208408648206494 0.026468750296123434 0.02606214994030891 0.028787220468235813 0.026058410591953445 0.028423200215653335 0.029338763820888205
31 310 0.03963048751103523 0 0 0.03376673829824476 0.026277971695170942 0.02449381864761215 0.024492577031244935 0.0249531842134277 0.024119102130756447 0.02577526375174272 0.02748804706583513
32 320 0.036248735104606966 0 0 0.031020445366834872 0.023752488548982556 0.021626348056471477 0.022657683748324088 0.02250273609851561 0.02154784280578934 0.0232913606060462 0.024935098969157885
33 330 0.03446966493812636 0 0 0.029642159041319713 0.021701402539917557 0.020651292531655537 0.020992114438275512 0.020486296320772528 0.02012768636716416 0.021998078907545383 0.02408342176828498
34 340 0.03494212116598465 0 0 0.029624964491268176 0.022381093238245643 0.01990794488690921 0.020733922559725667 0.020778194486284936 0.02184607372295772 0.02197901908926105 0.02373380225963322
35 350 0.03334288039820641 0 0 0.02904907904640365 0.021864589492363515 0.018712714043969937 0.019444070448622747 0.019589815072103247 0.020380111652129735 0.02049279482867027 0.021838671878902375
36 360 0.031518053970652764 0 0 0.027218087821245227 0.021101057306478887 0.01772879348060865 0.018393083345479417 0.017980937543611995 0.01912740620032615 0.018909847209939698 0.020237611504714627
37 370 0.030142365633497568 0 0 0.026862080017610385 0.020815433777935634 0.016691860944247044 0.017048118939631568 0.016918089779377813 0.01771860444687534 0.017961569727732003 0.018801752479216064
38 380 0.029037334034778726 0 0 0.025971255350847666 0.019884250366061566 0.016232410280671933 0.01649312839012274 0.016018626626333694 0.016355167494581994 0.01617625947392843 0.018247747657397416
39 390 0.028594966640451795 0 0 0.026350686396053192 0.02072255433078665 0.015426390917124156 0.016265265180249237 0.015512251550252765 0.015628708934458325 0.01530947695960112 0.017786782137659017
40 400 0.029114405682080312 0 0 0.027298387252653204 0.020495920911388035 0.01568139577506714 0.01634597252393974 0.01557242408576531 0.015952547481575197 0.015105247946381458 0.018320396651436203
41 410 0.030875603137066544 0 0 0.029436941823659767 0.021931963721970288 0.016469807792541667 0.017533829524736696 0.016001656745601018 0.016756996743066216 0.01544714457417375 0.01943780898822798
42 420 0.029762792100216828 0 0 0.028742256943434127 0.021593491589973705 0.015639020690719853 0.0166235773039503 0.015227176927268389 0.016179554135258234 0.014726926585961746 0.01821538962617197
43 430 0.028746243687863018 0 0 0.0279519691542148 0.020443812013297997 0.014873839398984658 0.0160527602539808 0.014496940744780772 0.015043871117374527 0.014575808823880501 0.017425360596355192
44 440 0.030747138350016755 0 0 0.03011185860710564 0.022573533063491278 0.015397444803283263 0.017212466453741502 0.01636922225828335 0.015915916279750825 0.015624797539134127 0.018467769676332117
45 450 0.03297924908970877 0 0 0.03295341664505217 0.025555445316155324 0.016096804817297965 0.018104444734408556 0.01782176574139894 0.016565505118919275 0.016721030061510034 0.01916261316837369
46 460 0.032434742558283394 0 0 0.03105120577420776 0.02444078624594155 0.01604813156006459 0.01725837124466813 0.017475874866662557 0.015920631199019344 0.016602790840010977 0.018701609983598082
47 470 0.03264348097388049 0 0 0.03176912416049579 0.025451194738971356 0.01637934645522575 0.017619876282189025 0.016743151220385905 0.015697256851230797 0.016511286846716197 0.018837476780755487
48 480 0.033552660707253865 0 0 0.03351604397793684 0.026814785217999917 0.017439446164718535 0.018045076803585972 0.01741224486102494 0.016287637854988896 0.01673851991104256 0.01892405171681975
49 490 0.03761308219454886 0 0 0.04196002796694797 0.033871907967103446 0.021283283288060357 0.019843972827824182 0.019442861093322567 0.018050486074865323 0.01864273904917284 0.02045219211534592
50 500 0.04175957016522319 0 0 0.049417311878496815 0.042428747127776494 0.02502036889597979 0.021569792475740243 0.021449836184154927 0.019858035992584008 0.02063711052830165 0.022242745357657762
51 510 0.042547114227511465 0 0 0.051646851852514594 0.04416459049698646 0.026078648160480212 0.021778930665470958 0.02086289873819236 0.02021602361353047 0.01977590298381289 0.02274054084275794
52 520 0.03916605184320896 0 0 0.047294325256063405 0.0408867832799521 0.024147403180760377 0.019783161270942238 0.01910712911667862 0.017835011853275982 0.018368465951955387 0.019864436382744925
53 530 0.037536140625394336 0 0 0.04514770296587792 0.03996343727265033 0.02286661320156882 0.018906247373340533 0.01829581639198238 0.017028794399657713 0.017396716914148676 0.018101806845466126
54 540 0.03357430930544577 0 0 0.0399351054322501 0.03458833200338488 0.020506759637124963 0.017082859914007334 0.016346843794351997 0.014901791858930804 0.014687889829995205 0.015856935603282427
55 550 0.03224743651131617 0 0 0.03780155389886602 0.033351239755649874 0.019483031718537016 0.015183440088539692 0.015599667097350564 0.014234384780456058 0.014412409837386368 0.015080600736164313
56 560 0.03320799825658017 0 0 0.04067329915299734 0.03647723362150553 0.02140550531735561 0.015430087713192975 0.01583532152036471 0.015103519457385108 0.014573673502733064 0.015404056353444438
57 570 0.036169402533579545 0 0 0.04377114826521858 0.03984139253405935 0.02303830394217173 0.016832820402809683 0.01691505578571651 0.016898970478708485 0.016493268625879437 0.017597444713788903
58 580 0.038558435142759556 0 0 0.04430155794417393 0.041703795729902696 0.024241829444318772 0.018103269923219353 0.017962043252335292 0.018235522540082746 0.01640015249449994 0.019016648562840365
59 590 0.03674017576841309 0 0 0.04050280699343656 0.03847635123202339 0.023466879713353712 0.017237974334683995 0.01658241481129108 0.017937030787449328 0.015616935824978948 0.018301031812095938
60 600 0.03345166437676558 0 0 0.036272055180750336 0.03502547207912951 0.021430589010557752 0.015694470271668873 0.014790858796618438 0.015777648234571312 0.013610640102314267 0.016288919339276946
61 610 0.030573913701526394 0 0 0.03304159928375485 0.03185977414497954 0.019415097413369428 0.014321280734919556 0.012972800494932506 0.013810965855445048 0.011888026639186118 0.014585675262684778
62 620 0.03130815602682971 0 0 0.03353902654735892 0.0340578189765932 0.019563784763491517 0.014873626195264793 0.01305685075213638 0.014224066271214553 0.012081870578716113 0.014475720379176731
63 630 0.03242435671672741 0 0 0.03238061441158688 0.034607063590720966 0.019871664901435663 0.014705781193963733 0.01328130345614855 0.014962542145936343 0.013119695285247404 0.015362661624676144
64 640 0.02887956568493858 0 0 0.02862434002088078 0.030702479179610248 0.017226963292349528 0.013083855646471588 0.011710928657439966 0.01327277718790668 0.01181882322549581 0.013319590879399035
65 650 0.028404627614579396 0 0 0.027943739128073797 0.03090626082678743 0.017651450498826007 0.01301054284576884 0.011570355196465452 0.012451261061698093 0.011447057005964562 0.012837193390415681
66 660 0.02591860874068902 0 0 0.024922577735387114 0.027959118107930305 0.01586577571753463 0.011806776672367236 0.010679175624740907 0.011454635356334144 0.010271047607241342 0.011725868361366494
67 670 0.023405028722443474 0 0 0.022559147927737996 0.025293243336159045 0.014235785190776822 0.010310520495619277 0.009609224683312873 0.009906088722682381 0.00904760491093468 0.010471805785117583
68 680 0.02163518022787365 0 0 0.020350648582244658 0.02301925484363454 0.012987022118228582 0.009496101584336142 0.008835706536152585 0.008906021141364538 0.00843759377455571 0.009288477424926367
69 690 0.02016959047337666 0 0 0.018243177822163996 0.02110026599292104 0.012420321507241637 0.008640439986645791 0.008108473139699472 0.008434712663119268 0.00788226251447273 0.008667354466792666
70 700 0.019883465012341547 0 0 0.017716659062579916 0.02154998956471234 0.012826512378558806 0.008456162730856247 0.007873235457589441 0.008363719793791056 0.0078150700013702 0.00843772431834559
71 710 0.02074184339500144 0 0 0.019194211392686407 0.023212876700535363 0.014195651389664185 0.009124679124363324 0.007969611058310018 0.008768478886403875 0.007901146857966656 0.008461316927674439
72 720 0.024600168056771326 0 0 0.02315421630657379 0.027702415635547668 0.01738150198226065 0.010980870226148246 0.009924914393125902 0.010473183184912615 0.009424917783165983 0.009624613370617959
73 730 0.030295372630913944 0 0 0.028359556986649093 0.03443247634985124 0.021848084848501946 0.013762824245845467 0.012283965977448677 0.01265578350445705 0.011652235763730569 0.011409134473070945
74 740 0.035617753305817484 0 0 0.033469969700544444 0.04069810513232267 0.027406096513626722 0.016667081024356278 0.014270825766372319 0.015092895321875402 0.013047303699893882 0.01345688622516984
75 750 0.04009659629248291 0 0 0.037455991749178005 0.046193549888614766 0.032464562042137185 0.01888915289390947 0.016219970407765464 0.017052196437177956 0.014594447427025864 0.015201116874027127
76 760 0.0382844147828375 0 0 0.034332082322673874 0.04197076098091786 0.030505344717437138 0.01808861060695918 0.01496546924402415 0.016188222975913005 0.013641516099499939 0.013928813413322269
77 770 0.03939249703074025 0 0 0.03444399635445788 0.04227877295601445 0.0316982369160053 0.018183019526352127 0.014845014004709972 0.015474093952118953 0.01443323794799382 0.014003197764844464
78 780 0.0410121851265094 0 0 0.036267536798254736 0.04394823938338244 0.03371272550553859 0.02022485627140729 0.014869641656160169 0.016008304135532742 0.0148920089239964 0.014448067331138709
79 790 0.043866042478932867 0 0 0.038896464480354366 0.04725720927669399 0.03720747806968049 0.021442977545541697 0.015833245421599883 0.01679137577708898 0.016044407885734174 0.015979491296899784
80 800 0.046736639866973156 0 0 0.040718313753402 0.04843293208234673 0.03976173114899551 0.023031306846528043 0.0167752379803406 0.01777338477375938 0.017596544140289414 0.016602099705908552
81 810 0.04934972569996117 0 0 0.041048612425667624 0.04822344543991863 0.04066893208126055 0.02471974471954103 0.01721860520357527 0.01814633877698265 0.018997971085421974 0.017071417447766947
82 820 0.052210081216210444 0 0 0.04290072076651328 0.05105525304167817 0.04489628418862133 0.02678503379070076 0.01822378024615737 0.01971442950544796 0.020218672669204813 0.017873844416933623
83 830 0.053943947980264036 0 0 0.04367754586924145 0.05273993292545339 0.046511916010343116 0.028943121754416233 0.018760847680899122 0.020561757387304848 0.020792200353287767 0.017770011179501066
84 840 0.05645974356989143 0 0 0.043737720397865346 0.054794891172653314 0.04964347433638151 0.03152187355513524 0.019655665195545458 0.020475939408503833 0.02108703486577757 0.018442737938503453
85 850 0.05875926884559174 0 0 0.0463725551986492 0.05869259330207649 0.05272003251652411 0.0334743527148647 0.02064639950585749 0.02113080923032798 0.020949565698505573 0.01920053821669022
86 860 0.05503637953075689 0 0 0.04345337125057295 0.05420589669310814 0.049105106256491386 0.030661063083798297 0.018548881148135347 0.019945662926640715 0.019479060330861983 0.01809099262189453
87 870 0.050330143413503885 0 0 0.03882160285674184 0.048004170095610414 0.04471683494028228 0.02891020651664999 0.016803903704343183 0.017966189837024554 0.017383091319668493 0.016418217335265092
88 880 0.043886563096514675 0 0 0.031885327910748336 0.03966093338991416 0.03743113804355484 0.024809647454193656 0.01462930828947051 0.015299212477853328 0.01511896956678875 0.014402684446923416
89 890 0.041514841427875766 0 0 0.030373328206209613 0.03809734773940799 0.035339988970437775 0.023534975628537264 0.013407198963639021 0.014212430970695734 0.013906801652038803 0.013654947396767439
90 900 0.04166303412658858 0 0 0.029359830389808755 0.036965394772911365 0.03336081405793857 0.023136056389373324 0.014365292708331855 0.01419420490942349 0.013530638323316337 0.013864270139242577
91 910 0.047485434834636665 0 0 0.03198029291706274 0.040451668263838926 0.037044891743015375 0.027562391834162307 0.017506695367899876 0.01607080566609284 0.015428595123635532 0.015585092984208907
92 920 0.05637187597534709 0 0 0.03641533311693281 0.046416653396643755 0.042533191893776426 0.03305183927342627 0.02195029158649124 0.018783635978256934 0.017810921095275885 0.01870948167661696
93 930 0.058089654558186904 0 0 0.03465397143619634 0.043238683941656926 0.042176733986970555 0.03363567971347436 0.022816272424724192 0.019688847553078682 0.017910430891402374 0.019061635410071588
94 940 0.056184838745806126 0 0 0.03301552084202893 0.04132777169570301 0.04090084318818765 0.03192440315956203 0.0218619137344808 0.01844577117043326 0.017379257317822718 0.018457482686263765
95 950 0.053939712098157955 0 0 0.030735766800465504 0.03806419785973845 0.03770241228864633 0.03036496495962437 0.021243533020978186 0.017669562603248663 0.016587526976515426 0.017530049627953286
96 960 0.05644263080912553 0 0 0.03298607249749482 0.04211216339138033 0.0423925333560963 0.03435199274157584 0.022766789003592823 0.01838964035805455 0.01618347890166734 0.018322167475993134
97 970 0.057302296193853096 0 0 0.033214128639115256 0.04292924234700393 0.04420865455127357 0.03575998362945963 0.022973774521942308 0.018368424593940485 0.01615447003022501 0.018684238600170888
98 980 0.05666447846415743 0 0 0.03169029401364621 0.04122121607713504 0.04319479059422977 0.03626434595787155 0.023392076780793008 0.017999283440780632 0.01621687084132429 0.0179909333230549
99 990 0.05030773238790627 0 0 0.027780119850899405 0.035362751352003424 0.037564148131148556 0.03238631714389608 0.020352143886439807 0.01586439486500925 0.014429654820494955 0.016024408649243066
100 1000 0.04735288473732209 0 0 0.02658934696200251 0.033332069189754183 0.03561174969504175 0.031177743902166592 0.018997552940485784 0.015303113092162365 0.013530956961256902 0.014151315985016514
101 1010 0.043743983420239926 0 0 0.023199136716199695 0.02936771681184381 0.031053288684799858 0.027543644530222018 0.01728478647552533 0.013885619210460205 0.012444066205401208 0.013279718527130408
102 1020 0.039526774413010675 0 0 0.020305165920175745 0.025778576181593113 0.027996204631051937 0.025046174726733053 0.01529709524666367 0.0122451255919595 0.011148921892756245 0.011858365825372625
103 1030 0.03581361788586193 0 0 0.017822561297272044 0.022707341861469235 0.02490504918595524 0.022034180679547478 0.013514249773115973 0.011070930933144004 0.009948787445191197 0.010773661724474519
104 1040 0.031663020530059316 0 0 0.014739682590473981 0.018795608989242645 0.020986782006517542 0.018751678055624783 0.011672518989538147 0.00961670019607534 0.008692851797627618 0.009618585114744836
105 1050 0.02890252542798805 0 0 0.012688445641588738 0.016331756766212197 0.018652027272267436 0.01649866997982546 0.010507148104213616 0.008807928944625324 0.007699199130437696 0.008847650829678444
106 1060 0.028143229188585094 0 0 0.012443631987899568 0.015963753605347457 0.018315056811263157 0.016448543979322026 0.010441199500567324 0.008484393414878845 0.007319666515301735 0.008583338484300233
107 1070 0.027803990330351493 0 0 0.012054959071741167 0.015471104324587062 0.017827184566838898 0.016746539346061056 0.010320227741016475 0.008309680760478366 0.00718445625053619 0.008545374689587375
108 1080 0.026458459425718128 0 0 0.011103441628746696 0.01432669485888672 0.016311453462124145 0.015310175846788189 0.009977659635051792 0.007919043307911789 0.006606775600819433 0.00802905535462793
109 1090 0.030061438890705578 0 0 0.011805773243811695 0.015293062280096427 0.01801814004255871 0.018268688565560003 0.012797225935214722 0.00918427126077383 0.007187502418693251 0.009077848199336892
110 1100 0.03277735161301751 0 0 0.01227884137810648 0.015665911617317754 0.018705966557692886 0.01958237629825695 0.01407074055487569 0.010732326778911432 0.00780752933336091 0.010052265506374385
111 1110 0.03273764665670536 0 0 0.011955543882529304 0.015412805365782968 0.018304330808425386 0.01980878517407152 0.014576946295949494 0.010690386688163231 0.007694075619111625 0.010089691514161373
112 1120 0.03468093741073155 0 0 0.01209002132560717 0.016118713781732477 0.02039498700276345 0.022504570572249746 0.01643438261848332 0.011021544369913618 0.008158528730117933 0.01101053827460759
113 1130 0.035109319815111575 0 0 0.012372050840675953 0.016798104641154797 0.021696659094990838 0.023963989809576855 0.017125574413938822 0.011216968533807136 0.007963888653913676 0.010445683144963159
114 1140 0.03673970105080947 0 0 0.012515740771579001 0.016090104871285132 0.02185370514584208 0.024352106313637687 0.018633726595949935 0.011704393783761242 0.0082957734849917 0.010897642451638535
115 1150 0.03927669368684664 0 0 0.01319199708917123 0.018151622405753232 0.024892916677201376 0.027837889858768717 0.020704569591713077 0.012374420321753168 0.009192925976070757 0.0114951754653464
116 1160 0.04190441738604078 0 0 0.014403652967945291 0.020602153228411507 0.02741316780323139 0.03018202882648405 0.022995467608303538 0.013018508015612423 0.009765310506649404 0.012370123063425418
117 1170 0.04432502246968142 0 0 0.014908888387719454 0.021935661452502378 0.02975061744956745 0.03345338779293512 0.02708837503836355 0.014274674839186817 0.009884933202433704 0.013100940521358231
118 1180 0.04524006058046154 0 0 0.01558528064411597 0.02274374835763002 0.031318091360561316 0.03502418456292918 0.02845135710442469 0.014928899083331133 0.009859315930824637 0.01311017452476781
119 1190 0.047026383257605914 0 0 0.015548918990150836 0.022587594026459056 0.031507941938178644 0.03665248752679964 0.030637041616578403 0.016728604714327352 0.010192829811860163 0.013462744117510323
120 1200 0.0457024095116975 0 0 0.01516756879165954 0.021953827135642773 0.030655693063255274 0.03633285506555019 0.02985749368658928 0.016507409455659493 0.00950302789716951 0.01300724128708565
121 1210 0.045789167061064624 0 0 0.01503216219077426 0.021444057739897007 0.029394358058969675 0.03560742243215178 0.030091142193568145 0.016373038322980274 0.00952968123219865 0.013335869062523898
122 1220 0.049208064026474936 0 0 0.015794574237876495 0.022798149383304794 0.033573616554584865 0.041142680935301906 0.03630254338743364 0.019535023138776562 0.010257746092061551 0.014266068999915997
123 1230 0.05458239769488977 0 0 0.017848865572973625 0.025306457635165862 0.037751297440578674 0.0469560215672345 0.04245568889903819 0.02369789082515355 0.011541990157837235 0.016002045229509033
124 1240 0.054713421185980125 0 0 0.017129543936364556 0.02430004948059792 0.036623189771611636 0.046630303905092714 0.04315522025214084 0.024316731102935623 0.01191803602951503 0.015986861147549124
125 1250 0.055382793363500715 0 0 0.017260641079123118 0.02460698650488035 0.03747358912648435 0.048022258094402075 0.04463872251841072 0.024402246208387348 0.012079586609923426 0.01591052773177775
126 1260 0.057005806531767206 0 0 0.01757029144648665 0.02511606398166774 0.038439038856351596 0.04988658967864706 0.046991803725385084 0.025514327770872404 0.012265461356208223 0.016093550620252996
127 1270 0.0638985493167952 0 0 0.019028442425485674 0.027678031431660758 0.041967100230586765 0.05414134502291603 0.0513878275598572 0.029559213018330734 0.013928155942333813 0.01861019670529493
128 1280 0.07072127208781495 0 0 0.02071800801518771 0.030065846238628128 0.04635417459585873 0.06180133663430002 0.05992441764090489 0.0357040833141281 0.015222498314093062 0.020942717006111514
129 1290 0.06904162546833988 0 0 0.02024259946590228 0.029064085909217753 0.04401466864318018 0.060009344193717055 0.05898135935497832 0.03599407006814011 0.014738251175276102 0.019684084349367748
130 1300 0.06872255447109639 0 0 0.019317330933806387 0.027234166612057464 0.04180262067314217 0.057317729247464325 0.05725835450775742 0.035682619801353246 0.015097164362798869 0.019103324951572305
131 1310 0.06749166840755774 0 0 0.018766772208222395 0.026359410363987586 0.04018905916726066 0.05543097017745885 0.055985084043406824 0.035653917035875664 0.015271281732309945 0.01864550657824082
132 1320 0.06646005933339146 0 0 0.01778450070350166 0.024820684181688205 0.038483071500808846 0.05423935443558265 0.05420744226000442 0.03474454032798664 0.014912027453597754 0.01811457329356796
133 1330 0.066392488916458 0 0 0.01704726924471327 0.023528701886035217 0.036963917520900995 0.052903605285398364 0.05288495949255124 0.03466539593187498 0.015353030912853166 0.01702802133892803
134 1340 0.07388352105712796 0 0 0.018743247107014843 0.02593052916765966 0.04108328234658415 0.05989575614532221 0.06165078482583148 0.043318698516363725 0.01724974630272301 0.018814047826034158
135 1350 0.07776601254027772 0 0 0.019609762164305808 0.02596947958279228 0.04019745912402071 0.05939003543000306 0.06278765148591185 0.045908362638014975 0.017869641264564626 0.019648896766734432
136 1360 0.08022482258352866 0 0 0.02010926794320034 0.026719923505916048 0.04041415289839782 0.06030741231846378 0.06395407995500578 0.04819095923990302 0.018325450657143055 0.020240224895435338
137 1370 0.07709732025792676 0 0 0.01858720993431993 0.02440817059546756 0.036812073173263356 0.055485808166931196 0.057562004258744894 0.044572207793458246 0.017277327204540584 0.019677213920845836
138 1380 0.06942776616453197 0 0 0.01666895066219201 0.021698491379969344 0.03254668029475514 0.04800029932556688 0.05052582877173254 0.03954767787719154 0.015274990315940842 0.017340913912662966
139 1390 0.06323643084621487 0 0 0.015152426554688108 0.019201536482162756 0.02911711358476161 0.043091685004033015 0.045878385297854686 0.03617609456831827 0.014326872206008862 0.014742119925891185
140 1400 0.05669043455667729 0 0 0.01336755531200688 0.017076454434050158 0.025901970080465853 0.03782515690018335 0.040117900355113235 0.03236044013520322 0.012758760917276435 0.012905113521989815
141 1410 0.055529199847535016 0 0 0.013111550083737052 0.016405919378570655 0.024624293344870606 0.0356258302817173 0.03876703153899694 0.03159227050537468 0.012488924001515238 0.012543363809671028
142 1420 0.05471427876804091 0 0 0.012558006262629491 0.015611935547365093 0.023497997554684038 0.03338342807783539 0.03643618616690832 0.030642744451847444 0.013239937307262424 0.012080566374577812
143 1430 0.059905720900120814 0 0 0.013720851541901693 0.01661919476993679 0.02558543047162279 0.03579873659104243 0.040015461500747175 0.03446665659095646 0.01597122115091983 0.013099342823230189
144 1440 0.06125769553123989 0 0 0.013767798993616078 0.01681949110393957 0.024732797595616047 0.0339275336039498 0.03985303097080566 0.03480749245193464 0.016848975541772466 0.01367511973924576
145 1450 0.06021073541628551 0 0 0.01322121438076726 0.015987473855214644 0.023530729482301935 0.03185895892880481 0.03744721665501899 0.03309846894838694 0.0171110305028429 0.0133867363051176
146 1460 0.06030531309788179 0 0 0.012509673107083275 0.015000692606464016 0.022818643971783785 0.030443052183663603 0.03484243066199269 0.031299812562220364 0.018139022084870452 0.013356805818344301
147 1470 0.0632470218254039 0 0 0.013146260020164311 0.015682847425875418 0.023459157352637764 0.031423765832965744 0.037326112191149376 0.03368656610346272 0.02011912402569918 0.014532835707994577
148 1480 0.06751154434413827 0 0 0.013778181378721251 0.016167676859357424 0.024719727254608935 0.03300128438951652 0.04011237750796855 0.03726043773641647 0.022317945019792458 0.016723990212503214
149 1490 0.06728320911165381 0 0 0.01272199257674481 0.015576991446610615 0.02453226182421514 0.033159993639385446 0.04033489033527103 0.037681997405704146 0.022572056124337058 0.01677055808158598
150 1500 0.07813934919219341 0 0 0.014525740867446629 0.017566601919936475 0.027506006073861434 0.03781801462256151 0.047649487236777345 0.04631760019876103 0.029702708185448245 0.020574375780463998
151 1510 0.08056710606905892 0 0 0.014740282190457019 0.01753099312393034 0.02684991778610162 0.03745358486449297 0.04773553052354999 0.047542455590771825 0.03113013636205647 0.021066087344278114
152 1520 0.07655328537201755 0 0 0.013890161650698054 0.016608054934851756 0.024892921614712578 0.034184896741219085 0.04290015018401924 0.042074847759967476 0.030117931125683766 0.019876766241621456
153 1530 0.07745911679891504 0 0 0.013944004781933464 0.01611865382555215 0.024116185449569512 0.03288120336009743 0.04343966907724035 0.043798210741699026 0.03239796796008142 0.020268087148457185
154 1540 0.07688280094519882 0 0 0.013724976469697073 0.015993856791818025 0.02296444726686933 0.03082188861869198 0.040204702297252363 0.04289707053591611 0.03243961694064792 0.019917733400714652
155 1550 0.07529504717201609 0 0 0.013691198331388856 0.01588989557459577 0.022410999970260415 0.030626953812471845 0.039954523885375 0.04209327399274084 0.03181608738195377 0.019352195678650194
156 1560 0.07103752264394263 0 0 0.012492892005978985 0.014982064376178661 0.021068071067496842 0.028791853272120874 0.037483650146299084 0.03812356489303855 0.029575184784880595 0.01725015291296191
157 1570 0.06431846427892267 0 0 0.011268904428588912 0.013509744710767463 0.018173137822601052 0.024763163532172717 0.03247922720232309 0.034481487202591636 0.027643279289139226 0.015479794614143724
158 1580 0.06261447922493404 0 0 0.01048823434726038 0.013034013727642749 0.01775852921539318 0.0239955727865719 0.03076167171969833 0.03323556198930985 0.02701220628620192 0.015280719314958125
159 1590 0.060790445455433814 0 0 0.01005387403213567 0.012516876365262889 0.016682804558130527 0.021741819189552224 0.027651354360523715 0.03153336161286889 0.02648062981794644 0.01462614618607492
160 1600 0.062212334619927735 0 0 0.010154644303907365 0.012830370916470043 0.016737107774522333 0.021931916781402015 0.02885022374412942 0.03298488859594607 0.027386992725788737 0.016171867465962567
161 1610 0.057496134123648145 0 0 0.009364201152860518 0.011859658960734725 0.01526254778948839 0.019953264193044423 0.026315016176221787 0.02948103159365237 0.02456662699085461 0.014473456278190251
162 1620 0.05157595734155795 0 0 0.008230216395719414 0.010536545967949989 0.013518159913113465 0.017436648155242415 0.023120665850225017 0.026349861518759028 0.02218982500222286 0.012528658357331433
163 1630 0.053469043764419306 0 0 0.008430427173381395 0.010465860813034338 0.013981456008179951 0.01790362350172167 0.02432686552172586 0.028227946181989327 0.024087051553265786 0.014096829393292182
164 1640 0.06291180866562092 0 0 0.009982753257109858 0.01220154076670716 0.01621616220647539 0.021022447574483388 0.028751848543320815 0.03384673447291214 0.029335155635756314 0.017392419124666485
165 1650 0.0617832344711127 0 0 0.009521207740823632 0.011046804082022339 0.015121170831949637 0.020203432868550916 0.02816156184929214 0.03287576939545107 0.028716846034978222 0.017760975873207678
166 1660 0.059085854289182976 0 0 0.009075943185161391 0.010472873046085353 0.013864880677516529 0.018435990283658832 0.025230576073936663 0.0302765333619049 0.02759684560808327 0.017253893466486866
167 1670 0.06278754838525456 0 0 0.009583652915350653 0.011179066393128878 0.014551192163914583 0.01913592120734875 0.026200811119931857 0.03269489907822141 0.030818968686372093 0.018782308725545913
168 1680 0.058421803899887534 0 0 0.008989083951625228 0.010341319901643413 0.01351347043670703 0.016978625564565943 0.023747863306581046 0.029756725010564873 0.0286235837331977 0.017583988156518047
169 1690 0.054688811096956 0 0 0.008450186969964414 0.00961609385840888 0.01241151015423106 0.015493866009417278 0.02192980014415696 0.02759312221041959 0.0266409982055661 0.0165376783599488
170 1700 0.04999678321395551 0 0 0.007499559954134024 0.008601383770333268 0.01092270449252533 0.013417131845989269 0.019057449922199977 0.024336840390897337 0.0238205665608719 0.015036087844504614
171 1710 0.048996900494663806 0 0 0.007335928236355699 0.00799193827324146 0.010413083612956668 0.013031716817017567 0.018624029179781124 0.024339280305811003 0.024311348012880433 0.015564838395450609
172 1720 0.048223724326881635 0 0 0.007284937240849315 0.00800680097313989 0.010225037143073573 0.012876102855152146 0.01819209808386021 0.023793183096394038 0.024781515647211406 0.01494696483597002
173 1730 0.04496801727422774 0 0 0.006766467370599766 0.007283848202000857 0.009263568247461273 0.011953295417213097 0.016743282593100855 0.02209037646239084 0.023089799351719523 0.013925819635042165
174 1740 0.04157951342244594 0 0 0.00592796225543454 0.006749304842329881 0.008640752598138294 0.011389379140367903 0.01569760803625758 0.02048317468302548 0.02141329105114518 0.012667067053702236
175 1750 0.03855498615536116 0 0 0.005393021899049552 0.006122856580015561 0.007947062487286946 0.010300983051516253 0.014616950251289324 0.019146694567272134 0.019792522520887368 0.011646026573433431
176 1760 0.036455845585412205 0 0 0.005145130933417461 0.005765997972823583 0.007532569776919454 0.009616811865981041 0.014211884044535262 0.018476396489408638 0.018964437539180243 0.011203491948136272
177 1770 0.036532470354793456 0 0 0.0048555335971270566 0.005469285166606339 0.0075699881161321175 0.009687046007621606 0.014341190102884139 0.01887507102942044 0.019677068237428135 0.012482197144476547
178 1780 0.03608508517437499 0 0 0.004878401159355143 0.005440577772187867 0.007479801867883781 0.009537661291746602 0.01416370168680238 0.01867690957126017 0.019474328111553765 0.012266962573802755
179 1790 0.03955650806891477 0 0 0.005330934587286713 0.006230024553013041 0.008349651805272532 0.010683690345330328 0.015951534876265067 0.02079544067285574 0.02275496156427026 0.014430745018191775
180 1800 0.0380938796207496 0 0 0.005096652326686861 0.005996056160120853 0.00794780104379989 0.009718628977890335 0.014944973082858404 0.019406687757796845 0.021472506905287597 0.014081047714167055
181 1810 0.037871169694614626 0 0 0.005188006050905317 0.0058072132587873426 0.007756948380992045 0.009349228036520829 0.014174375142384524 0.01807112823330284 0.01956079199947934 0.012931680043732364
182 1820 0.037494012122527585 0 0 0.004979010589173771 0.005663115808907262 0.007216548929356057 0.008682611709776161 0.013158822865376963 0.017094111028587555 0.018375185966320918 0.012938163236217017
183 1830 0.03918660227421493 0 0 0.00531101957270694 0.005872851659664636 0.007518642282702681 0.009001794915705873 0.013473040769360964 0.018386732386780277 0.019618248732901834 0.014130258672851117
184 1840 0.042599428513238474 0 0 0.005679454887163133 0.006264060945986484 0.008120155748351968 0.010019129528381502 0.01506769430211312 0.020694053029560334 0.022262238769339852 0.016390051809077176
185 1850 0.04410325439494599 0 0 0.005844116263784859 0.006329221255066745 0.008087886033605055 0.009548653877505628 0.014614163721364681 0.020777124788542725 0.022904350030990516 0.017609236309737878
186 1860 0.04110891724574566 0 0 0.005243200094291049 0.005743723679975757 0.007409682871678976 0.008737365296291523 0.013106371250498626 0.018891242779550024 0.02127710631146777 0.016555969166112773
187 1870 0.040124864170701886 0 0 0.00491784974119173 0.005475034335662886 0.007193765468141909 0.008681631475829276 0.012790393418660659 0.01831624943048901 0.020952683703514913 0.016162728082585908
188 1880 0.03830821732974943 0 0 0.004731406429649977 0.005116794402984007 0.006779075091623676 0.008033074936781476 0.011865008434768523 0.016551153690439108 0.019411712637014456 0.015067169431478691
189 1890 0.036426560852806086 0 0 0.004567632234025325 0.0048490574619532946 0.0063002432874069295 0.00751574421210533 0.011036231456255957 0.015166702050370491 0.017969153277438026 0.013933589013586465
190 1900 0.03753000363655673 0 0 0.004694398950738558 0.004935478351223427 0.006522651416812937 0.007867926522699712 0.011241324311772702 0.015822026091391418 0.01967498857948088 0.015669479311553866
191 1910 0.04143782868185496 0 0 0.005254084593785095 0.005332167073437587 0.00698923486967366 0.00881502474314406 0.012902571676333666 0.01876570489994587 0.0237913154656514 0.01946447967549896
192 1920 0.04336678071238928 0 0 0.0055047419011308735 0.005448817173422984 0.006949324986125432 0.008777659013448551 0.012917205571672665 0.01939500680837472 0.02518478682164998 0.020854156646000554
193 1930 0.04223845579585603 0 0 0.005335992046517943 0.005314518189229826 0.006977549794301187 0.008661742630353427 0.012416018125445067 0.018931632753820034 0.025156960555004652 0.02111879120113453
194 1940 0.03920871704793794 0 0 0.005071380069548862 0.0049039975441477635 0.006477728754742593 0.00796511071809666 0.011220395864362563 0.017606910666875853 0.02360616991859268 0.019892195956842898
195 1950 0.03649450373222849 0 0 0.004666963224075357 0.004577097513194011 0.006086467440785041 0.007520476091045227 0.010492294586918862 0.016364518633899525 0.021676276301911608 0.018112481168589885
196 1960 0.03502611143893335 0 0 0.0044162071694234 0.004307513726347995 0.005805347132828453 0.007184779780419155 0.010003129699194303 0.015635342754054246 0.020486829705318205 0.01717171196676002
197 1970 0.03301601236883556 0 0 0.004167735833973284 0.003969341992542809 0.005169971620916238 0.0066289296046789245 0.009121054872645125 0.014233865696313023 0.018645804820392443 0.01587735742560405
198 1980 0.03206129135765931 0 0 0.004096508301691232 0.0038680275995626305 0.004991829792507478 0.006380549179566467 0.0089132051718554 0.013991568351119503 0.017939793446528254 0.01491847429641791
199 1990 0.032105996665596624 0 0 0.004036511986409037 0.0038514554858272137 0.004952151017371277 0.006253669790929198 0.008772125446078848 0.013826345240251869 0.0180582741926632 0.015028404909618117
200 2000 0.03225593732620284 0 0 0.003825241544262545 0.0037543157527391196 0.004804393580004611 0.006097635128797319 0.008544252421210501 0.013259402642210889 0.017558517617179917 0.014738286267110958
201 2010 0.03411695867627991 0 0 0.003869777523359214 0.003970653673288678 0.005060677203227503 0.006241498641836489 0.008780159879960007 0.013249548644524265 0.018647239119589785 0.016131354654710023
202 2020 0.031115637793278996 0 0 0.003435962013634975 0.0036013196756496755 0.004633738723087189 0.005685550962492318 0.00802046076446096 0.011935938544914662 0.017127725938988352 0.014793936692750455
203 2030 0.02713741735334936 0 0 0.002943540392978155 0.003151142345170276 0.003877620570257515 0.004669990475417151 0.006513329346516204 0.009611994421684143 0.014450437704967208 0.012622135649301728
204 2040 0.02687946100302186 0 0 0.0028357451722545034 0.003104031871065553 0.0037985755249636084 0.004686710770281994 0.006450444330605311 0.009338493125506477 0.01403317310003992 0.012552428303337922
205 2050 0.02785462067917342 0 0 0.002944424208193553 0.0032072151230099198 0.0037958750054429458 0.00468032080850231 0.006562626410943504 0.009628073407831098 0.014666328939112797 0.013294867355423155
206 2060 0.029102851478506934 0 0 0.0029377179949450828 0.0032231995896866935 0.0038847256208969887 0.004920349620274075 0.007234673998209338 0.010590678034791684 0.015389766503891511 0.014114484792406474
207 2070 0.028445460080808168 0 0 0.0027776063630606464 0.00314530212109862 0.0038677498541316298 0.004867411627557207 0.0072975904508893776 0.010713212201904715 0.015618652405253916 0.01420911013102625
208 2080 0.028040463252512984 0 0 0.0026406479773817618 0.0030565741153855226 0.003736213980839253 0.004743514046291808 0.007081288814332392 0.010307004268193354 0.01511534954177075 0.013887545768469471
209 2090 0.026912714308105837 0 0 0.0025201719272566064 0.002941426345227162 0.003573641717074353 0.004504363588178688 0.006848971959205714 0.00995660203347277 0.014352237385256759 0.013073497894815114
210 2100 0.02467239916912351 0 0 0.002303614982016432 0.0026685648257765617 0.003247190634638371 0.004130393085090361 0.006327314623780721 0.009158232871671732 0.01294897303049493 0.011700572653526208
211 2110 0.025581326891994282 0 0 0.0024366932041547163 0.002862524335720338 0.003290922021583503 0.004260875870703107 0.006637434351877046 0.009736788695976292 0.01367580155373698 0.012291864046662005
212 2120 0.02461917600516355 0 0 0.0022788513391222335 0.0027089914357849216 0.0030954026665668036 0.004020605014808624 0.006153977219125283 0.009022925753999577 0.01266852134274735 0.011492939728773941
213 2130 0.02532634060634246 0 0 0.002326641322590315 0.002716867252754652 0.0031292598889851825 0.00417880007819165 0.006463361157859315 0.009409915489907354 0.01334190937340825 0.01225546999337288
214 2140 0.028104658733990456 0 0 0.0025801695556006837 0.0030164680339953404 0.0033537158408752646 0.004585149310674377 0.0070065443913963415 0.01013298587996161 0.01465737005103717 0.013655674957834473
215 2150 0.03279304473065577 0 0 0.003021447073319306 0.0035612536050599088 0.00387869354299491 0.005336058439662942 0.008047727429210333 0.011512067165848863 0.017001456790904052 0.0164080967225013
216 2160 0.03452497306709361 0 0 0.0031275409192393177 0.003740618037092258 0.004016858426914854 0.005532261298346373 0.008259086907085303 0.011979611132700059 0.017444290664136147 0.016946616089314893
217 2170 0.03196130801257976 0 0 0.0029402241084307496 0.0034697693865163113 0.0036161004339439434 0.004758500737712612 0.007207612739188842 0.01048591016512595 0.01528926452863707 0.015225373218869817
218 2180 0.031684116774850536 0 0 0.002899718769528412 0.003474851215290016 0.0035409713612938047 0.004781107566958872 0.007298493226062381 0.010380025726891598 0.01523657803303791 0.01541764685033541
219 2190 0.028406154762082674 0 0 0.0026146402018957303 0.0031055592308448306 0.003114091155309984 0.004193083600770691 0.006489367266970385 0.00929053857416292 0.013539674055703527 0.013586617054359063
220 2200 0.02630982374489874 0 0 0.002361770795420013 0.0028745337175176172 0.0028821679423514787 0.0038554593078915086 0.005908809598510256 0.00860977879755184 0.012603381552576398 0.012741280990259223
221 2210 0.026841993786967965 0 0 0.0023168850930993853 0.0028836744572509083 0.002992607284172907 0.003990557316676935 0.00622622072016063 0.009025423603158873 0.013056107105433506 0.013484011520353674
222 2220 0.03332699756417193 0 0 0.0029848819492064313 0.0035919645132529245 0.003729447114914003 0.004967996538422658 0.007874528549734422 0.011418192928143693 0.01699276289152598 0.017967341831542753
223 2230 0.03479965379473765 0 0 0.003016754684124239 0.0037059864234842373 0.003841441097119776 0.005073064017654714 0.008122986659707426 0.011778012482189437 0.017612820099646792 0.01877287398339634
224 2240 0.032135285387613004 0 0 0.0027215603719993944 0.0034006629077734988 0.0035720086210601727 0.004691606223611492 0.0071383281255474555 0.010259425684239931 0.015472120799079345 0.01663919204660334
225 2250 0.03614827853106981 0 0 0.003032392823108044 0.0037753662545800563 0.004170966494367868 0.005205419957671007 0.00805939134814072 0.011478666544480952 0.01707677346250019 0.019354350819583303
226 2260 0.042819602308781714 0 0 0.003825681522890131 0.00471910122572166 0.005041344408482064 0.006341314734294239 0.009681591145470054 0.013591506295616382 0.02024000602578673 0.02298774319413923
227 2270 0.04360466612319965 0 0 0.0037565023601858643 0.00462797901124474 0.004908697491896957 0.006241329047843495 0.009450464341171404 0.01339672304330704 0.02013636268281336 0.022964261536000098
228 2280 0.04702753842682586 0 0 0.00413873663581377 0.005090702301207937 0.0051965959428096195 0.0069236458608923105 0.010067535859381322 0.014037844518225992 0.021686944751922708 0.025170224002408394
229 2290 0.04796303486712852 0 0 0.004178618809592792 0.005043349549608069 0.005085628297547842 0.006579206071920755 0.009287574212265885 0.013214444578080738 0.020622518496515307 0.02474807369908461
230 2300 0.049634754046957046 0 0 0.004280462657760195 0.0051312512317557004 0.00509556492073138 0.006408195372162956 0.009329589369939462 0.013627566633595541 0.021302275747230537 0.026393278235059395
231 2310 0.05312339492664884 0 0 0.004673373680076543 0.005441941501108679 0.005397373831327709 0.006633152901816024 0.00978950443370158 0.014495087362222155 0.022953355250973945 0.028953284271091742
232 2320 0.050757101315677726 0 0 0.004432518655552759 0.005104282521643343 0.005123387184459164 0.006202486370599875 0.00934531480365033 0.013927824545417595 0.02249304715245445 0.028795071861349896
233 2330 0.05142992601834638 0 0 0.004596390819662707 0.00515620584574522 0.0052891279746776956 0.006382732999924046 0.00961548591772794 0.014476723332218045 0.023118934147987734 0.03006047768625696
234 2340 0.05743656499168735 0 0 0.005039735654779667 0.005636134387280794 0.005890031997440055 0.0071605587911831884 0.011227172269242205 0.01712280541870787 0.02777234694562251 0.037332258463954424
235 2350 0.059050476266522156 0 0 0.005029862958458081 0.005652432633621177 0.006056689224321109 0.007406800441504524 0.011057798078637996 0.017151658561560184 0.027402620608970935 0.037519207714452926
236 2360 0.060377003289615164 0 0 0.005223420133533681 0.005747110696732793 0.006170500445995099 0.007397558207695576 0.011272488731253938 0.017819623924562114 0.02916327927226893 0.03991864520070727
237 2370 0.05479692939831251 0 0 0.004464487153316695 0.0051069567452618585 0.005492287636930149 0.006508793692980108 0.009954906314300438 0.015423971275441045 0.02538722229672776 0.03476719218040374
238 2380 0.051590063332542256 0 0 0.00413233325635687 0.004613185598248249 0.005076810191181346 0.006026684336826506 0.00923931092848557 0.014413014972946454 0.02377928120120197 0.03252437258925809
239 2390 0.05077524496855263 0 0 0.004059744608890107 0.00456788675774419 0.00510793969070619 0.006070784376042363 0.009261339428912893 0.01451280914972771 0.024364720932557326 0.033210944317968415
240 2400 0.04840918997923477 0 0 0.003914743852147156 0.004288854168581349 0.0048956111006165015 0.005739546038604291 0.008821565827334513 0.01351215797916313 0.022931564101815224 0.03134019748008704
241 2410 0.05102010684283191 0 0 0.004238566436063032 0.004408580887460682 0.004806012097471655 0.005720674891108605 0.008863916324139685 0.01411832545175069 0.02415172236480238 0.03330135455368361
242 2420 0.05664720757113977 0 0 0.004688766311753705 0.0047841524222240256 0.005247627140890363 0.0062979050787977265 0.009465149337042806 0.015087388751835998 0.025747622778393476 0.036043626748969486
243 2430 0.054172896679399334 0 0 0.004402102499718156 0.004392593116506045 0.0046966427989263235 0.005725642450609067 0.008618519927760797 0.013854497473324042 0.024194025804640237 0.03408722274868057
244 2440 0.05166945157645633 0 0 0.004044600256617106 0.004092852739153129 0.00445130041903418 0.005539714257240376 0.008596801255367251 0.013754438958486687 0.023484116417935835 0.03332236673029175
245 2450 0.05134272070971422 0 0 0.0038139029414529747 0.003848530130741944 0.004325785375112219 0.00520850758081759 0.008110949044474822 0.013372191964315862 0.023021213353345445 0.03362045835732662
246 2460 0.04703070845934419 0 0 0.0034131369975166476 0.003535494700688594 0.0037923144255604616 0.004635153585170223 0.007211084539612451 0.011907564681481938 0.02075976339006703 0.030571577949930203
247 2470 0.041636133615669965 0 0 0.0029938783243100894 0.003070621976957124 0.0032953322911076026 0.003826386982524625 0.0057586388224719265 0.009600925237876175 0.016732494213448124 0.024862782273607387
248 2480 0.04111691282733354 0 0 0.002999026342928514 0.0030162120628235652 0.003121121733292903 0.003775941127508537 0.006015242968254874 0.010080168839305539 0.01761395920070599 0.026295040869658632
249 2490 0.045680467991085785 0 0 0.003244746923767768 0.0033060297885506938 0.0034585727765718798 0.004367394804448101 0.007253377249812061 0.01210245533829375 0.020760012751187745 0.03189097595067386
250 2500 0.050133811725788395 0 0 0.0034605659006990484 0.003670880709700596 0.003757045780217831 0.004938778715395921 0.008344363120176267 0.014058034910958762 0.024206522281174366 0.03759876979616499
251 2510 0.05123816980216948 0 0 0.003351438579235528 0.003709169550133349 0.0038172770543706347 0.005115204756384204 0.008735315951587877 0.014657058851932145 0.025164195468464972 0.03957366008312973
252 2520 0.05185161636176902 0 0 0.0033602282601520646 0.0037154634092847736 0.0039427968454790715 0.005217844816269387 0.009098587808396516 0.015479565069847037 0.027040503342165602 0.04267394383721291
253 2530 0.0539027905532969 0 0 0.0033949242341975135 0.003806679824432872 0.003998229632875916 0.005513285255660809 0.009769846374138457 0.0169168507179008 0.030197831941572474 0.0480276996211656
254 2540 0.05399190323079102 0 0 0.0034790608445507687 0.003877810701611147 0.0038349511642782573 0.005683416015254129 0.009868829327115348 0.017151771757326604 0.030731275652274008 0.049161982529290396
255 2550 0.058793501159504956 0 0 0.004026849669406091 0.004266814363714139 0.004116716001400696 0.005748069379490281 0.00972789747282505 0.016887255339995993 0.03081531245180848 0.04984993089416577
256 2560 0.05811193227065678 0 0 0.003982583111691883 0.00411418007601902 0.003980432147753224 0.005442949966511936 0.009140468194768032 0.015753658827761086 0.028538482857151923 0.04647675308446178
257 2570 0.054136501934840285 0 0 0.003495834133803493 0.0037950287549721315 0.003637418420863406 0.0050652161325374714 0.00850014649461411 0.014493822786241065 0.026251548177430976 0.0427534282482562
258 2580 0.04818121690387302 0 0 0.0030472797566804743 0.0033600930021978727 0.003178228420539067 0.004565280720044292 0.007522539451681469 0.01278743327784113 0.02329797103637193 0.037867617338152505
259 2590 0.042398506315104854 0 0 0.002714420871837889 0.0029841229354839903 0.002736455377667491 0.004019236637507004 0.0064238221470703264 0.01102568270858563 0.020075694565612014 0.03294549191626527
260 2600 0.041101071215805925 0 0 0.0026942083009485747 0.0028179134928530028 0.002612618882350052 0.003938769832076798 0.006354594504239446 0.01078605294055865 0.01939630158497144 0.03224900965824901
261 2610 0.039368150900018016 0 0 0.002473703034648878 0.0026951410344914326 0.002453813076197122 0.0037356088453466036 0.005985182707403629 0.010259189245065801 0.018507491348651678 0.03105229093085887
262 2620 0.03869477097157531 0 0 0.0023727242827826516 0.002537845034629732 0.0023435952507534306 0.0036408552310891584 0.006004806557374703 0.010350550700046675 0.01869434712013582 0.0317264487956742
263 2630 0.04641284895618829 0 0 0.002724554668082712 0.0030237398507687334 0.0028168039967641995 0.004289794598655605 0.007272689876254811 0.012913568279972169 0.02367358704874685 0.04061464283963267
264 2640 0.04426119238080112 0 0 0.0025474782828712465 0.0028467752376426323 0.002685592147702567 0.0040668238969441845 0.006726588718321848 0.011947701947704937 0.02189989195686657 0.0378147028183412
265 2650 0.03836696480640677 0 0 0.002162540583645323 0.002458937771014064 0.002313715487067619 0.0034392595501432847 0.00564852560290351 0.009915823552838073 0.018135720249302656 0.03140926018036723
266 2660 0.03554184759414417 0 0 0.0019294402483736551 0.0022337417077005796 0.002109265719580922 0.0031472773996933053 0.0051830750349358586 0.009016534706679452 0.01650045082070827 0.028555496720821198
267 2670 0.030877059175344716 0 0 0.0016757272641864582 0.0019081997071095538 0.0018391692377795524 0.0026959556913050847 0.004481661958085602 0.007706239606739837 0.01403696415077899 0.0243387401899697
268 2680 0.0281193487466183 0 0 0.0015257690460555914 0.0017503476294915775 0.0016539307526812791 0.0024388415046261757 0.004024660569345288 0.0069541952243782935 0.012711623518940155 0.022061412468792712
269 2690 0.027806257854071606 0 0 0.0014938043236980552 0.00173802837998797 0.001624252476759797 0.0023197841415445787 0.003919062831930061 0.006685415825242407 0.012225032661725217 0.02146277420406428
270 2700 0.026485922443547867 0 0 0.0013686815189937961 0.0016097282872974984 0.0015401360539226804 0.002193915478207072 0.0036516559396930722 0.006293315133713642 0.011529895600534456 0.020319170134253398
271 2710 0.025947925149475134 0 0 0.0013263987651915446 0.0015949174990401277 0.0014324537323653094 0.0020565499499065757 0.0034388648705241357 0.0058884115303758965 0.010780326927252597 0.01904959757909245
272 2720 0.024066362070317582 0 0 0.0012053937829309609 0.001426082558891258 0.001272166277858243 0.0018450933908575509 0.003157814780929951 0.005449962155788425 0.010013642195754048 0.017682356591309064
273 2730 0.021259343308425546 0 0 0.0010637801056336263 0.0012547286247264243 0.0011137497369064153 0.001552012810263531 0.002515592150469824 0.0043919482489891744 0.008130524286562945 0.0143622453578276
274 2740 0.020647356337291298 0 0 0.0009837988212587476 0.001195362920667432 0.0010706679708453119 0.0014610945966691427 0.0024486468627731117 0.004243636421481019 0.00800917338778401 0.0141143231427292
275 2750 0.019814868762681553 0 0 0.0009206654951252228 0.001122703598736877 0.0010325674011101202 0.0014300067223366522 0.002431480738269493 0.00416603968798791 0.007951569334626133 0.014069178348397438
276 2760 0.01951623994079989 0 0 0.0008647697883756566 0.0010488658733721636 0.0010110625236172009 0.0014043043483088734 0.0024090578018743066 0.004103735955917945 0.007914755620397907 0.014159514367389861
277 2770 0.019732616484854592 0 0 0.0008504656478798775 0.0010445195579380114 0.001006785823799915 0.001405574054399922 0.0025336745213923803 0.004328919084276611 0.008381234559729603 0.015057455662524838
278 2780 0.020979481925949377 0 0 0.0008929406853666761 0.0010950295858939527 0.001075089130053281 0.0015367487479251637 0.0027553011789590563 0.004816348101736569 0.009445266103579519 0.017115235343403562
279 2790 0.024369895937523194 0 0 0.001040084295977472 0.0012579872345165252 0.0012747670487064293 0.0018014747985685463 0.0032216177179615656 0.005818286640698741 0.011306849000276538 0.020757421720012777
280 2800 0.02538184252948932 0 0 0.0010401147741601923 0.0012416531718463582 0.0013201256593262788 0.001886505261657482 0.0034450046214543665 0.006301823395252366 0.012063789288743996 0.02218501133832584
281 2810 0.026324409254382973 0 0 0.0010696407114056407 0.00128773793246611 0.001302641182565543 0.0019435028296449948 0.0035578228476047143 0.006631190641278123 0.012619821726958452 0.023364836837579284
282 2820 0.0228067142313831 0 0 0.0008843286338742058 0.001073532813311591 0.0011072688959000488 0.0015982898598015586 0.0030771541488079377 0.0057145115396195646 0.010937888752435393 0.020339505254748386
283 2830 0.021475620199104536 0 0 0.0008266608808177033 0.0010170428534417237 0.0010186178129697806 0.0014528859610915706 0.002903768504439887 0.005449966082337706 0.010396702464447244 0.01943995890508663
284 2840 0.019945384041421377 0 0 0.000749437494610572 0.0009429541352322862 0.0009436154139805908 0.0013209277454518014 0.0026511000582482877 0.0049736779024998025 0.009466834565684154 0.0177950949635692
285 2850 0.01959688608679053 0 0 0.000742810206080306 0.0009266707136052365 0.0009079514539556564 0.001290308351461664 0.0025701866980379984 0.004844188954070358 0.009245322500910999 0.01747997760630922
286 2860 0.019332116289071662 0 0 0.0006960764998890167 0.0008899177237584546 0.0008751956086138395 0.0012893191733677188 0.002596642635203047 0.00492056978629037 0.009398513534787297 0.01790490180612253
287 2870 0.016907933954295146 0 0 0.0005787610901767557 0.0007602296231890334 0.0007558383236021667 0.0011019126953749493 0.0022033796321131818 0.004143173644451573 0.007869561864063459 0.015105693523297572
288 2880 0.016800577639127373 0 0 0.0005849745860931599 0.0007586765072484617 0.0007588839660286658 0.0010761540970162268 0.002212368279539237 0.004122371623109381 0.007865073604742695 0.015217119596427551
289 2890 0.015721537375729813 0 0 0.0005488329627414102 0.000714191790575406 0.0007179754783225468 0.0009870477186233082 0.0019756637225531236 0.0036890590948450742 0.006995463979340955 0.013601207809090039
290 2900 0.014951536174568715 0 0 0.0005330351863481969 0.0006511172347898463 0.0006809896964781474 0.0009455147590847005 0.00186631878609415 0.0035009405096831777 0.006671229056999755 0.01298905088910362
291 2910 0.013301045754900032 0 0 0.00046235127839303823 0.0005725995505511245 0.000588410906371019 0.00083467205371873 0.0016303763416312823 0.0030930477507206218 0.0059302643380210445 0.011527723483962088
292 2920 0.011427179433270753 0 0 0.0003958124864826654 0.0004935843423171295 0.0004948427062473781 0.0007118964433973046 0.0013844783359733197 0.0026646157633017347 0.0051263457782748136 0.00999399490837227
293 2930 0.01086249125422482 0 0 0.0003773329412097784 0.0004698456104201592 0.0004721035960947674 0.0006744505486954223 0.0013382843072192536 0.002554193210874196 0.00489319483970481 0.009541033021679196
294 2940 0.010114007586943662 0 0 0.0003431611120248918 0.0004272540948966229 0.00042437293551515044 0.0006087219078301111 0.0012221695018405168 0.0023464170419197285 0.0045053196777687255 0.00877805923831666
295 2950 0.008728362454400498 0 0 0.0002944677040342787 0.00036881829137243473 0.0003569269652801782 0.0005230138766000621 0.0010457113647461694 0.0019993446482417963 0.0038632808537323714 0.007572762878198362
296 2960 0.007915511106660035 0 0 0.0002716634664234024 0.0003359955528727281 0.0003267823657536292 0.00047625360013234047 0.0009514219332260805 0.0018162856285853437 0.0035084164079548373 0.00688448533019774
297 2970 0.00730270911737714 0 0 0.0002471486815297007 0.00029672138261238124 0.00030664887959097685 0.0004399549226049704 0.0008788008045626217 0.001681768449599205 0.0032555914769725005 0.0063787365273978314
298 2980 0.006532846307814948 0 0 0.00022069952443453793 0.00025973148229429963 0.00026881963402221906 0.0003940765323682982 0.0007776854494568285 0.0014864414570671094 0.0028681102103781694 0.005641112128173561
299 2990 0.005801958232359898 0 0 0.0001887814933716508 0.00022620732627343966 0.0002275621075478676 0.0003339665759076318 0.0006591972003439561 0.0012926366279854286 0.002489906039019319 0.004917236751877022
300 3000 0.00511689423276576 0 0 0.0001662767853040628 0.00019139347728736202 0.00019482633514419933 0.0002916571938351472 0.0005772193659595701 0.0011349150924990475 0.002189221144186638 0.004311516869342052
301 3010 0.004552847108580742 0 0 0.00014393423266212301 0.00016883097532674422 0.00017274766889244445 0.00025603924227991066 0.000514019217320708 0.0010100157564751336 0.0019570577346227067 0.0038517515601590104
302 3020 0.004160957222009587 0 0 0.00011931344956540681 0.00014347338389605668 0.00015225646192465602 0.00022655618622030685 0.0004512496674961443 0.0008952723283669725 0.0017373194978553763 0.003419578249896429
303 3030 0.0038370857138893886 0 0 0.00011218981339245602 0.00013076992301025396 0.00013940303740613921 0.00020526801387201843 0.0004041736012754945 0.0008065879846195084 0.0015742013383900576 0.0031003290976084298
304 3040 0.0034001223192410635 0 0 9.667573299152165e-05 0.00011134330424634014 0.0001222789772568791 0.00017950883765141 0.0003620264563534458 0.0007349566361424066 0.0014331662632810574 0.00282626876601301
305 3050 0.003363089613186374 0 0 9.084796835650557e-05 0.00010435034553253449 0.00011632897779111766 0.00017914909152786206 0.00035785275885944016 0.0007297915005044544 0.0014286228102565821 0.0028069592968656535
306 3060 0.003260530301032403 0 0 8.58060280987879e-05 0.0001045136441885089 0.00011293816879087046 0.00017874467672094937 0.00035783947990295753 0.0007217853215493271 0.0014142822444310145 0.0027748169440058373
307 3070 0.002885385917303051 0 0 7.671307907714198e-05 9.220284050542445e-05 9.96374405493489e-05 0.00015661723223985244 0.00031210447571872657 0.0006362197848691397 0.0012459062651318051 0.0024488928778795467
308 3080 0.002737799117792054 0 0 7.138535117709201e-05 8.547710839288485e-05 9.48501719489866e-05 0.000148104148871713 0.000290437977304763 0.0005819775821115344 0.0011441922938479215 0.002240542446924378
309 3090 0.0023734343917123455 0 0 6.165659633550522e-05 7.26638990208452e-05 8.350940897882066e-05 0.00012969177184310546 0.0002527329063593669 0.0005043174111238371 0.0009925476082791168 0.0019389279426053326
310 3100 0.0022113687883450954 0 0 5.670079781589235e-05 6.740825179949245e-05 7.778007304518599e-05 0.00012099377910741682 0.00023471294778071235 0.0004674497607506774 0.0009158763402231649 0.001793916055278533
311 3110 0.0019950106633336052 0 0 4.9931243597107946e-05 6.147123934694334e-05 6.82056355608e-05 0.00010727500181032845 0.00020805577162026298 0.00041765849894396856 0.0008208803821672101 0.0016133753256134
312 3120 0.001679677164862053 0 0 4.150478915642074e-05 5.12073062565446e-05 5.6607279998182634e-05 9.048701720218154e-05 0.00017374925424548578 0.0003487506730554067 0.0006860681990460249 0.001348375811405596
313 3130 0.0015637906630610366 0 0 3.776673241012827e-05 4.6361674300357133e-05 5.317301491280542e-05 8.69529750075664e-05 0.00016483087372542426 0.0003322604984743424 0.0006486621322100388 0.0012747470146910426
314 3140 0.0014839280480265326 0 0 3.617247957789282e-05 4.602204376253798e-05 4.9377103158377374e-05 7.970269164640769e-05 0.00014923628749646906 0.00030447823442218425 0.0005943221963995587 0.0011674047216678814
315 3150 0.001391609456357822 0 0 3.3373000600731684e-05 4.198355518787618e-05 4.661360046829258e-05 7.286375840790996e-05 0.00013836663352431418 0.00028394434298485396 0.0005563343196874484 0.0010938171942635752
316 3160 0.0011840279677065024 0 0 2.8485728061609352e-05 3.544081610458531e-05 3.878263368062402e-05 5.964815796392102e-05 0.00011127204881671861 0.0002273382823282169 0.0004459857623573165 0.0008782055837302937
317 3170 0.001037822492740194 0 0 2.4127024768018743e-05 3.088086502130165e-05 3.32961110477017e-05 5.129661126274094e-05 9.470142008113866e-05 0.00018944684486137106 0.0003727930152860325 0.0007325620373590824
318 3180 0.0009464129972980716 0 0 2.1817066335774237e-05 2.8079863985295905e-05 3.1010311784494994e-05 4.762890264955621e-05 8.8220009690216e-05 0.00017600168369573984 0.0003469506394529402 0.0006830486677208617
319 3190 0.0009072012167242518 0 0 2.0643387711774407e-05 2.6266556640256413e-05 2.9558910037754552e-05 4.5731917625683785e-05 8.386218502437697e-05 0.00016842564639529416 0.0003319281115082412 0.0006539880895166944
320 3200 0.0008143177535552768 0 0 1.861334675245922e-05 2.2899104825374135e-05 2.6528915970396154e-05 4.113174013928187e-05 7.499780416548634e-05 0.00014987552066803372 0.00029470025434407825 0.0005806635573337003
321 3210 0.0007732472091234834 0 0 1.6853887611349475e-05 2.0078387788702256e-05 2.4675866603542846e-05 3.9003403292564165e-05 7.190652264981205e-05 0.0001444882315050584 0.000283459096879174 0.0005574005384997497
322 3220 0.0007100720659312001 0 0 1.5526095827525253e-05 1.8399061395721597e-05 2.2723035241755558e-05 3.608006292306748e-05 6.732839895811217e-05 0.00013423005544350837 0.0002626339323052164 0.000514936846560888
323 3230 0.0006103857860515201 0 0 1.3031487203449853e-05 1.5618851804269086e-05 1.975500459023873e-05 3.125641908807453e-05 5.888204639812378e-05 0.00011690468365966182 0.00022862913434026894 0.00044910531993449984
324 3240 0.0005891199396240687 0 0 1.25556205457336e-05 1.5006365132657608e-05 1.914344116271318e-05 2.981304610382881e-05 5.596167811508094e-05 0.00011058006467789184 0.00021636713845755155 0.00042490072244931497
325 3250 0.0005686212621482496 0 0 1.2127027491991428e-05 1.4376708305109336e-05 1.71604417545895e-05 2.769383641861142e-05 5.0932562208895276e-05 0.00010165347493390275 0.0001991085414668253 0.0003918892034626148
326 3260 0.0005507547679488823 0 0 1.1590426684104397e-05 1.3535457670053238e-05 1.7085643756631447e-05 2.7410647622577256e-05 5.10932371694459e-05 0.0001013850757010818 0.000197763833901306 0.00039027757182870273
327 3270 0.0005092074497230984 0 0 1.0847949605913003e-05 1.2082378242296876e-05 1.592875049360731e-05 2.5395408581049344e-05 4.81016419694877e-05 9.527792019305536e-05 0.0001869514789352971 0.00036901801670331856
328 3280 0.00043972880745279654 0 0 9.291954646273555e-06 1.0342206500794243e-05 1.353008222751465e-05 2.1951586942490985e-05 4.150259077616178e-05 8.228444965522034e-05 0.00016167063151974794 0.00031901501109218096
329 3290 0.0004001580307600056 0 0 8.536877690274782e-06 9.482395090875365e-06 1.222293867261071e-05 2.0018433339904464e-05 3.7932585286180966e-05 7.512931456819839e-05 0.00014788688351729983 0.00029252095119850684
330 3300 0.0003600416412303947 0 0 7.581713347247457e-06 8.630165467800257e-06 1.102866959473888e-05 1.787228270949147e-05 3.4056777436366925e-05 6.720699298527848e-05 0.00013265896784575698 0.0002619769220803186
331 3310 0.0003439547823140834 0 0 7.130210867340979e-06 7.943734945825203e-06 1.047506774732084e-05 1.7308305778167087e-05 3.26071887420554e-05 6.409709934177251e-05 0.0001269041586210796 0.00024992711105032225
332 3320 0.0003174616588491307 0 0 6.507662323763523e-06 7.167548227340834e-06 9.604427596640455e-06 1.5657719430041148e-05 2.9765655650746942e-05 5.8110356257051384e-05 0.00011520861758663189 0.00022725383390291126
333 3330 0.0002728993526613675 0 0 5.473806449818612e-06 5.683783432457392e-06 7.784059850348807e-06 1.2829044063154203e-05 2.4132184445584157e-05 4.7210073096051303e-05 9.318513138365334e-05 0.00018300109922989697
334 3340 0.0002459060865905576 0 0 4.8284754009395105e-06 5.010828497788316e-06 6.9396985155098076e-06 1.148633159165859e-05 2.1560408447588685e-05 4.2225795056240804e-05 8.328248257402126e-05 0.00016361672422906046
335 3350 0.00023435323474547604 0 0 4.703916008678555e-06 4.728696342462392e-06 6.306978443932526e-06 1.0374410480854659e-05 1.9813216629127998e-05 3.881163763373722e-05 7.690214051082287e-05 0.00015146662008647054
336 3360 0.00021047789243007565 0 0 4.178820345417831e-06 4.132203011554054e-06 5.557619009732612e-06 9.116046381754608e-06 1.772072066163684e-05 3.470393441151516e-05 6.87026845358936e-05 0.00013530805324396024
337 3370 0.00019707141304178697 0 0 3.849418832299588e-06 3.702611297997729e-06 5.139812170711706e-06 8.322787561378266e-06 1.6052403542338083e-05 3.124915562517895e-05 6.145129643567941e-05 0.00012111310464442127
338 3380 0.0001772524349586392 0 0 3.429418504887796e-06 3.411731535662504e-06 4.513690085133742e-06 7.5276119124165096e-06 1.4361021814017178e-05 2.7998988328463508e-05 5.520804729321335e-05 0.00010852625967411672
339 3390 0.00015717961711471325 0 0 2.9555573055119617e-06 2.9914082001208813e-06 3.945976580180029e-06 6.528757986456299e-06 1.2399664380183189e-05 2.428501741021287e-05 4.7873063447789e-05 9.433206792283706e-05
340 3400 0.0001419592115151369 0 0 2.4857538085240484e-06 2.6930611918296646e-06 3.581388408164526e-06 5.8825255138042e-06 1.1097616162550257e-05 2.1738809461673994e-05 4.313767432437221e-05 8.501687061001351e-05
341 3410 0.00013148235786390646 0 0 2.2192032127285416e-06 2.5145488326631894e-06 3.3768893074906736e-06 5.45710711130578e-06 1.0236896820951796e-05 2.000538519524868e-05 3.9786529258404574e-05 7.853889194445624e-05
342 3420 0.0001147721333071387 0 0 1.863233564644788e-06 2.1573251689703765e-06 2.9135155270145307e-06 4.748477771486522e-06 8.845269209368242e-06 1.718085798729292e-05 3.39913062051538e-05 6.725415973880364e-05
343 3430 0.00010920889274997045 0 0 1.7506911764603935e-06 2.06829814846752e-06 2.817034796530461e-06 4.5819060365825024e-06 8.48755745977599e-06 1.644010014319936e-05 3.259174316897053e-05 6.444509824441378e-05
344 3440 9.612654133608694e-05 0 0 1.5473898618691737e-06 1.7885043333376664e-06 2.39990996103387e-06 3.707566178937701e-06 7.049672702073689e-06 1.3735867823990603e-05 2.718325619396491e-05 5.374125194903115e-05
345 3450 8.781795582925299e-05 0 0 1.4204414756727525e-06 1.6334256959752882e-06 2.114762167952275e-06 3.3714964024246965e-06 6.408937963954826e-06 1.251046751069854e-05 2.4813259208295085e-05 4.9060975548614304e-05
346 3460 8.155232074270661e-05 0 0 1.2594276215290804e-06 1.5167323670676358e-06 1.986979824024857e-06 3.0782903205512857e-06 5.8515544586831285e-06 1.1315244262403538e-05 2.2515182556138474e-05 4.4445650035155144e-05
347 3470 7.652727709091469e-05 0 0 1.1544890799209173e-06 1.4242728337426491e-06 1.8874342711474011e-06 2.903532594675685e-06 5.482219718486288e-06 1.0646421124784275e-05 2.1251433988053723e-05 4.193731969179208e-05
348 3480 7.008752846010931e-05 0 0 1.0658489464144114e-06 1.2640836556979812e-06 1.7110884393339575e-06 2.543246997097594e-06 4.850301583843886e-06 9.41202349700343e-06 1.882244579883012e-05 3.719161369749887e-05
349 3490 6.431462627227417e-05 0 0 9.726141457317708e-07 1.1432320200349897e-06 1.5374062446375366e-06 2.2074719511132877e-06 4.3047604935753535e-06 8.436574053079447e-06 1.675056520631202e-05 3.312596100649708e-05
350 3500 6.074095716605365e-05 0 0 9.127736628450155e-07 1.0454898639266286e-06 1.4217145523357682e-06 2.0557936082973225e-06 3.9222064415733205e-06 7.527249866179514e-06 1.5079290866090884e-05 2.9771187029164976e-05
351 3510 5.2559273502052064e-05 0 0 7.813221770397549e-07 8.923333823611407e-07 1.2256109943058314e-06 1.7420698222654565e-06 3.31260776186858e-06 6.4083400984048e-06 1.2831476536712649e-05 2.5351524223820716e-05
352 3520 4.751224665153677e-05 0 0 6.713881224044574e-07 7.971931012569708e-07 1.0836377559171983e-06 1.5651744433256018e-06 3.003923894913881e-06 5.806849203274768e-06 1.161902235334387e-05 2.2978061631912626e-05
353 3530 4.483274284499388e-05 0 0 6.201396015849303e-07 7.692500348978676e-07 1.012061256263271e-06 1.4434736479537365e-06 2.7979899233687657e-06 5.400195341498159e-06 1.0766804435663003e-05 2.126854017471082e-05
354 3540 4.4477738536598665e-05 0 0 6.025407493862866e-07 7.73332618616211e-07 1.0130089811767029e-06 1.437552089371178e-06 2.7088023399046785e-06 5.200206437094266e-06 1.042637090888035e-05 2.052984418546806e-05
355 3550 4.1775048275785644e-05 0 0 5.578873898714398e-07 7.247111561703463e-07 9.406182649776199e-07 1.321933507638697e-06 2.5045797811828506e-06 4.802561094047932e-06 9.604617077280897e-06 1.8892016305818364e-05
356 3560 3.8734763143275975e-05 0 0 5.131104927973515e-07 6.562505836509913e-07 8.696388323187493e-07 1.2195729465159645e-06 2.329624808985821e-06 4.457006022083349e-06 8.890744835058156e-06 1.7484857066522225e-05
357 3570 3.553940175081292e-05 0 0 4.6837319165203674e-07 5.850630672289856e-07 7.788747100479482e-07 1.1060896328361106e-06 2.130006722526816e-06 4.033914315573229e-06 8.064498826567581e-06 1.5857922584199226e-05
358 3580 3.2948131332401657e-05 0 0 4.1776315422565525e-07 5.376899419834287e-07 7.214094217792135e-07 1.0156698845938905e-06 1.962196008365234e-06 3.718077848183917e-06 7.415344528615412e-06 1.461284102570279e-05
359 3590 3.0148975384430694e-05 0 0 3.8253691982159033e-07 4.851728917376211e-07 6.313734888591064e-07 9.024116274357607e-07 1.7201746673849085e-06 3.2369833360112793e-06 6.5135680412471305e-06 1.2842059670847238e-05
360 3600 2.7729760018487633e-05 0 0 3.4969687075928366e-07 4.379514226879579e-07 5.776836438593958e-07 8.307855114279812e-07 1.5694087340823353e-06 2.971188746482196e-06 5.958360419230994e-06 1.1740895965292112e-05
361 3610 2.4682657273548076e-05 0 0 3.1235755078594724e-07 3.939143477778319e-07 5.12611759432209e-07 7.341134089220362e-07 1.3928182444121776e-06 2.6253425811422578e-06 5.270319508943148e-06 1.0376187666959757e-05
362 3620 2.286771299700043e-05 0 0 2.980945368600351e-07 3.632694052162228e-07 4.6484906416447567e-07 6.740641395031671e-07 1.2853201238534126e-06 2.4397859841828273e-06 4.883393236973016e-06 9.600826930423474e-06
363 3630 2.0597831999933673e-05 0 0 2.715982318286298e-07 3.1726327942758663e-07 4.196693740529669e-07 6.070059519153003e-07 1.1567924131932918e-06 2.193561544280234e-06 4.391275978489439e-06 8.636900924787526e-06
364 3640 1.8786678256988618e-05 0 0 2.398255954530246e-07 2.7752271429792564e-07 3.599639761188025e-07 5.370147329978565e-07 1.014306896644391e-06 1.9145232272513635e-06 3.8012533107193654e-06 7.479944475472085e-06
365 3650 1.7923366071313458e-05 0 0 2.232684901666551e-07 2.5389068725345635e-07 3.234159767863488e-07 4.960409230817798e-07 9.423529024210801e-07 1.7818465575712998e-06 3.5343883767133696e-06 6.957386536337861e-06
366 3660 1.83402994552192e-05 0 0 2.247049959773575e-07 2.6072662697610507e-07 3.327155631404001e-07 5.104752027489078e-07 9.455903804106252e-07 1.821486460093683e-06 3.606355448422064e-06 7.085256060089386e-06
367 3670 1.7431456006613667e-05 0 0 2.0865984555053278e-07 2.4778877003851973e-07 3.0823578864089004e-07 4.827651813719976e-07 8.793587602118199e-07 1.688936126381407e-06 3.3277144131915887e-06 6.546575040302389e-06
368 3680 1.653648680847039e-05 0 0 1.979546779901792e-07 2.2451128508973795e-07 2.8336951005011587e-07 4.454844781586405e-07 8.146195625397537e-07 1.5886379104255782e-06 3.151637583931958e-06 6.217195847298947e-06
369 3690 1.635258450751228e-05 0 0 1.94433492957993e-07 2.2352012559185862e-07 2.7345607772732853e-07 4.2209041258833643e-07 7.566554175793562e-07 1.479981644439251e-06 2.9521334804406617e-06 5.825272862332534e-06
370 3700 1.5342817987355862e-05 0 0 1.7913463484176805e-07 2.0896520925702202e-07 2.531215991476948e-07 3.9642867677367653e-07 7.106772235946178e-07 1.3820181339486774e-06 2.7668825902221114e-06 5.454711025499278e-06
371 3710 1.4344161918531743e-05 0 0 1.6486085419085964e-07 1.9618103349893577e-07 2.3830275850023414e-07 3.774458413958798e-07 6.784675364591756e-07 1.3298810778226026e-06 2.6786814050967113e-06 5.291751350787521e-06
372 3720 1.1947007563614715e-05 0 0 1.357973651883466e-07 1.5703672810316843e-07 1.9681391131078637e-07 3.042476354174555e-07 5.5497937452832e-07 1.0744864415217656e-06 2.1592563947277023e-06 4.2663715302270796e-06
373 3730 1.1107533569383742e-05 0 0 1.26861936892407e-07 1.4240397038006512e-07 1.8773077401661087e-07 2.954324687904105e-07 5.279158701286823e-07 1.0336468863121176e-06 2.0873654181770763e-06 4.1109373424111075e-06
374 3740 1.02516835557998e-05 0 0 1.1590653712980401e-07 1.2896614908999987e-07 1.638959822524077e-07 2.680285998427912e-07 4.764478574544683e-07 9.308872538154785e-07 1.8698664681496214e-06 3.688943493080158e-06
375 3750 9.475207349226498e-06 0 0 1.0520191712866111e-07 1.1761588540936757e-07 1.498670551447881e-07 2.498316164124773e-07 4.374420498261622e-07 8.550901700785932e-07 1.7143545300118132e-06 3.3822945917698816e-06
376 3760 8.680089252814454e-06 0 0 9.52402611806133e-08 1.0812734661465423e-07 1.3749925332955828e-07 2.278346958059145e-07 3.9033012976586037e-07 7.550468827123706e-07 1.506780952421932e-06 2.9648815077702707e-06
377 3770 7.786366418954236e-06 0 0 8.063771063822797e-08 9.483601773284692e-08 1.1969558542673903e-07 1.9903010650991065e-07 3.3865674099767646e-07 6.5247558533911e-07 1.3024878856518944e-06 2.551679780279787e-06
378 3780 7.317731612478689e-06 0 0 7.402103521143011e-08 8.79871228547663e-08 1.1036777204215141e-07 1.8364655929179644e-07 3.1226247259101685e-07 5.992903417585392e-07 1.2039832980437793e-06 2.3621708323924864e-06
379 3790 6.387742686975677e-06 0 0 6.188728957437719e-08 7.712722125486382e-08 9.721907408066364e-08 1.578097148427516e-07 2.693936242114447e-07 5.126317480943895e-07 1.0300886815877392e-06 2.0180522356942094e-06
380 3800 5.8319788469775446e-06 0 0 5.5992367504047625e-08 6.991253187310145e-08 9.063605597912222e-08 1.4335921736460996e-07 2.4472033084825984e-07 4.63864557695819e-07 9.315898087839182e-07 1.8275483566485866e-06
381 3810 5.049012379741674e-06 0 0 4.754524356158738e-08 6.097630296410161e-08 7.624940563492769e-08 1.2028894445612757e-07 2.069520311325097e-07 3.8876391873786556e-07 7.847074201804932e-07 1.5399283086696347e-06
382 3820 4.782378160359498e-06 0 0 4.5974689475532704e-08 5.849201683282484e-08 7.200646088099024e-08 1.1347342677678456e-07 1.9616759582148866e-07 3.6905643195495497e-07 7.449446667900159e-07 1.4620836128407418e-06
383 3830 4.332444550561603e-06 0 0 4.1255315592309665e-08 5.1358415812943794e-08 6.206462897271168e-08 9.771938747435807e-08 1.683380510769419e-07 3.1777856901269335e-07 6.457398316424515e-07 1.267784482828909e-06
384 3840 4.036902690817564e-06 0 0 3.746710251797883e-08 4.74255162976368e-08 5.571893381466823e-08 9.026896229620397e-08 1.544477152668283e-07 2.90788226844404e-07 5.896745260629356e-07 1.159351971118908e-06
385 3850 3.765325614455071e-06 0 0 3.454491434174301e-08 4.256477635944619e-08 5.104272824837481e-08 8.100872331413363e-08 1.4019488337352164e-07 2.6556446542385476e-07 5.405655894926299e-07 1.0639076770117245e-06
386 3860 3.7361756853941e-06 0 0 3.411827632345877e-08 4.1735814487485154e-08 5.0137903826711e-08 8.00273668541411e-08 1.3825668301363628e-07 2.68207983592933e-07 5.503721322053033e-07 1.0907502604893045e-06
387 3870 3.4543200617314552e-06 0 0 3.1419768029347586e-08 3.787908395123157e-08 4.578783540417253e-08 7.537765947731762e-08 1.2852978213284386e-07 2.5008848966037395e-07 5.119103157558783e-07 1.0167127016208256e-06
388 3880 3.1783914524472887e-06 0 0 2.9112646225932123e-08 3.5195460752697716e-08 4.224318325603536e-08 6.913032845113111e-08 1.1740227487536155e-07 2.2903544801366947e-07 4.666937583438083e-07 9.252682647332243e-07
389 3890 2.8369162281167e-06 0 0 2.5687511739780045e-08 2.9823163863595516e-08 3.672479664016413e-08 5.963447346458206e-08 1.0157314225199922e-07 1.9728902315130504e-07 3.9949568669776564e-07 7.953926253499939e-07
390 3900 2.5463034577422217e-06 0 0 2.1899800521728663e-08 2.6804721191532064e-08 3.2827715738097065e-08 5.295230302693317e-08 8.965668001198366e-08 1.7428913427473605e-07 3.5260436861017457e-07 7.00816613087837e-07
391 3910 2.410870587067808e-06 0 0 2.0616912224901816e-08 2.587480881232206e-08 3.122790262254874e-08 5.004292956360687e-08 8.275867424299967e-08 1.6169786603158955e-07 3.2707459490374606e-07 6.502109202308741e-07
392 3920 2.3526095185542795e-06 0 0 1.9377455982466026e-08 2.4796557605426637e-08 2.9326156761112692e-08 4.6801004309659845e-08 7.65008040197207e-08 1.4881711334370963e-07 3.011961026769828e-07 5.996876366010143e-07
393 3930 2.385000214278168e-06 0 0 1.93631629555362e-08 2.4479376592622748e-08 2.9157903066546833e-08 4.731235344859618e-08 7.728649465368947e-08 1.5254303511873069e-07 3.079621146037294e-07 6.143528741864525e-07
394 3940 2.1741280288138374e-06 0 0 1.7430396111869248e-08 2.1709686623441647e-08 2.5789249246064104e-08 4.326702211420218e-08 7.019213638563762e-08 1.3771308044778938e-07 2.7725546673613426e-07 5.533762807119411e-07
395 3950 1.9729787769396116e-06 0 0 1.5591473323912267e-08 1.9717017359769415e-08 2.3319220288599546e-08 3.921252174452822e-08 6.406862833976963e-08 1.2605787317849217e-07 2.5354013623813293e-07 5.058777366846696e-07
396 3960 1.874939045978399e-06 0 0 1.4938163232827205e-08 1.8084615938186142e-08 2.2107514606607224e-08 3.721384187861089e-08 6.088888608613129e-08 1.1851298718924152e-07 2.3664813774171074e-07 4.71555368945859e-07
397 3970 1.6150082045802077e-06 0 0 1.2563392029020054e-08 1.552650136579413e-08 1.9163949128323165e-08 3.1994758684870116e-08 5.152917199708937e-08 1.0005515354206558e-07 1.996773978230039e-07 3.975348834183968e-07
398 3980 1.3961243431077995e-06 0 0 1.0457049818580185e-08 1.293222968545415e-08 1.626509319554012e-08 2.710555766571081e-08 4.351872732533152e-08 8.496712974028312e-08 1.6880701202521313e-07 3.367965027577364e-07
399 3990 1.2850008343963215e-06 0 0 1.0008027568626646e-08 1.1493960537859927e-08 1.4443215319542866e-08 2.3491647541026158e-08 3.8354693790694145e-08 7.548682318891197e-08 1.5007647578730678e-07 2.996184941615254e-07
400 4000 1.1509092015546561e-06 0 0 8.999018733248696e-09 1.0023422086661617e-08 1.279080754549445e-08 2.055580884383213e-08 3.3550668044744576e-08 6.629743162708814e-08 1.3169040834259966e-07 2.63271289363857e-07
401 4010 9.84729014876124e-07 0 0 7.347108499255729e-09 8.457069270523961e-09 1.0868044755549156e-08 1.7727722233635578e-08 2.8912008567618887e-08 5.657874786416525e-08 1.1263190834549014e-07 2.2441217576351387e-07
402 4020 9.230042063541028e-07 0 0 6.700295135356908e-09 7.906000452927196e-09 1.0016593024248178e-08 1.66264306790859e-08 2.668858932161862e-08 5.224621703424883e-08 1.0408219542189107e-07 2.0734923345691817e-07
403 4030 9.052325606780736e-07 0 0 6.528156164454717e-09 7.752505147968463e-09 1.0017025130553886e-08 1.607880786075341e-08 2.552770307925631e-08 5.0711480535989966e-08 1.0128244867762185e-07 2.0151334602785663e-07
404 4040 8.817020948873982e-07 0 0 6.37635002988398e-09 7.457182580528037e-09 9.597918242164861e-09 1.5476688710763845e-08 2.4368981702859792e-08 4.7148402821165675e-08 9.503581385898252e-08 1.8863786862550402e-07
405 4050 8.038315764375559e-07 0 0 5.689560684814119e-09 6.611546734881082e-09 8.522889171768821e-09 1.3457315080127722e-08 2.113577928628986e-08 4.133428242739022e-08 8.318685563713795e-08 1.6518236030958439e-07
406 4060 7.261385927997072e-07 0 0 5.150245550436873e-09 5.7821272294220775e-09 7.4170879725510895e-09 1.1866303788959932e-08 1.858865306647783e-08 3.7165170819903094e-08 7.451276319265055e-08 1.4816723141079036e-07
407 4070 6.915609131461353e-07 0 0 4.777135543121325e-09 5.410462583395902e-09 6.808711626168063e-09 1.0988652779330702e-08 1.7178433885112712e-08 3.440963815244335e-08 6.921469897058464e-08 1.3756379142695546e-07
408 4080 5.58012896940453e-07 0 0 3.742759664665493e-09 4.3220402644403585e-09 5.544530606731778e-09 8.894036355872561e-09 1.3868441519460895e-08 2.7652659216527178e-08 5.5595980421796173e-08 1.1064396440784625e-07
409 4090 5.010903417931594e-07 0 0 3.2457354762001487e-09 3.840957000795389e-09 4.869991509557286e-09 7.724476525818314e-09 1.2192077021787442e-08 2.4625889642023458e-08 4.9394679397724605e-08 9.840849379337658e-08
410 4100 4.822613921954512e-07 0 0 3.1225695745090495e-09 3.664796122490249e-09 4.6697184515329355e-09 7.220387197493227e-09 1.1375438989726008e-08 2.3056443257321377e-08 4.583323096896151e-08 9.102351202142171e-08
411 4110 4.262167794762955e-07 0 0 2.670615103469633e-09 3.180488780204554e-09 4.084957558408413e-09 6.190437122609638e-09 9.818935704454185e-09 1.993034486440011e-08 3.963989595754229e-08 7.856761978113774e-08
412 4120 3.871959023315731e-07 0 0 2.362881134470574e-09 2.783718328432038e-09 3.6929532321078794e-09 5.7092092418819566e-09 9.141932212456076e-09 1.8206505603687684e-08 3.60295758799815e-08 7.136199425214516e-08
412 4120 3.871959023315731e-07 0 0 2.362881134470574e-09 2.783718328432038e-09 3.6929532321078794e-09 5.7092092418819566e-09 9.141932212456076e-09 1.8206505603687684e-08 3.60295758799815e-08 7.136199425214516e-08
