% # columns="iteration, evaluation, void, void, void, xmean", seed=799291, Sat Mar 22 10:12:56 2025, <python>{}</python> # scaling_of_variables: 1, typical_x: 0
1 10 0 0 0 -0.0004321347671652591 -0.06210326919126736 0.11480589944794034 0.06435465403143882 0.03296562735184774 0.02205951196696099 0.24626136877628405 -0.2600028319279419
2 20 0 0 0 0.1792135277732817 0.2900046989113005 0.14271949149023636 -0.17374256005230626 0.023372529626295803 -0.156039850790149 0.30930636999571554 -0.03745251776980073
3 30 0 0 0 0.0587596230130071 -0.22907765860193027 0.16598001057605472 -0.030036370092722003 0.22988971856730747 -0.31241303174962953 0.43160051032925617 0.2428560191773757
4 40 0 0 0 0.39302605644395205 -0.25514126631520423 0.19586782968501157 0.11041997391004098 0.1860249377296468 -0.20167131817025907 0.09368239696575527 0.2323444758217912
5 50 0 0 0 0.2300439613662375 -0.2089962212862414 0.3185341617397416 0.008218110335068012 0.3259575313111802 -0.2223675689533564 0.0836484982289598 0.3116771017469622
6 60 0 0 0 0.11381172984492048 -0.008550906052493347 0.24610184658899786 -0.028074002681277414 0.055757282221001854 -0.19779115247200807 -0.12057865499851855 0.01614201479506843
7 70 0 0 0 0.0767012096931423 -0.03457616956364193 0.02041018363260101 -0.033935857978552225 0.1289355816266507 -0.06428381624589566 0.06056299956167903 0.12572005541911196
8 80 0 0 0 0.1884152094539389 0.06796357209107268 -0.0026954884276381074 0.04802983250822098 0.11099801268874886 -0.08679855299074823 0.14787646836217258 -0.059714504076923816
9 90 0 0 0 0.09938010597249734 0.02136144097501776 0.060066295800028986 -0.0024491640222260662 0.06396507103083564 -0.02371847939621132 0.2212754910619348 -0.07659958663367697
10 100 0 0 0 0.1470648808769662 0.018347940591546572 -0.03140014233952056 0.02012910526058903 0.07923948445499605 -0.05481547055645757 0.07412897448792176 -0.17654678565326895
11 110 0 0 0 0.0907941497987137 0.04738191253552913 0.08925888258336645 0.07761217913048904 0.03785012472140096 -0.05935188939545633 0.048854308044005666 -0.1683520212337885
12 120 0 0 0 0.21078398627048558 0.10156701978620869 0.07323429017256675 0.07050664771528184 0.06614591402205791 -0.018541650793971794 0.13595792992086816 0.0312386339850393
13 130 0 0 0 0.242143148523176 0.08319587971774417 0.000871564261547845 0.09873324646988055 0.07188070391118187 0.0064443485940167845 0.08948485233054836 0.0337330655138576
14 140 0 0 0 0.22002888342936958 0.05632056948380527 -0.06276699338996938 -0.012662873386851752 -0.012336200476071185 -0.059002197524151846 0.1125229311800535 0.03470350784084512
15 150 0 0 0 0.18935363635604918 0.015576490077603106 0.011190478130054825 -0.008222769007342923 -0.011064945636768193 -0.017411730675245773 0.2030868393877972 0.17538776120381303
16 160 0 0 0 0.16721258024795752 0.07957709196391824 0.04305193584633744 -0.07623406429083691 0.011450897566756258 -0.031097309874568223 0.0943705804268593 0.05366644748802137
17 170 0 0 0 0.24984291963066602 0.09891409254779475 0.06480148103990419 0.024897044915453328 0.026737452301277498 0.005356280707910013 0.06736781958602812 0.015193360195281762
18 180 0 0 0 0.2761513500846928 0.05447111653486825 0.08690140276427716 -0.027229941015485194 0.01723953157757806 0.0083236125695798 0.03900733038659974 -0.010383704253556034
19 190 0 0 0 0.21796969481637316 0.03270171777517557 0.057327869487044276 0.03029347217106283 0.009855301295684701 -0.022098352255095117 0.019936790802697904 0.019611927476276356
20 200 0 0 0 0.19249791643616262 0.025630195966415106 0.03569786725773259 0.017493608488743692 0.07207070332393899 -0.03791261166757822 0.02736164762210323 -0.021265391549850465
21 210 0 0 0 0.2112900664628691 0.0227640918832344 0.04890020083010132 0.021796253562072175 0.0703601628024719 0.004652450727876515 -0.010822626958943381 -0.008773743123455458
22 220 0 0 0 0.2841180010871645 0.06666943893606658 0.05069923208344585 0.01768213918059036 0.030210456016287815 0.01733821014280837 -0.014488457070286717 -0.011322006371979724
23 230 0 0 0 0.33484943493109853 0.07233974813122031 0.03841344278221013 0.05695636478901172 0.04385273955428144 0.024042591607636696 -0.008095373594840232 -0.01924679596099667
24 240 0 0 0 0.32707070471881733 0.08817493786371748 0.05026761951400368 0.04079387013074863 0.01956313656923443 0.01258379677278615 0.02273950465942634 -0.019457253528982123
25 250 0 0 0 0.31355380684997436 0.09084875646564976 0.05491837553135997 0.04739742117857392 0.06157967014044905 -0.0049406541934893175 0.014052258725375176 -0.034132062564587375
26 260 0 0 0 0.33471096498009195 0.10563224268126362 0.0376844448626138 0.04388521982739858 0.02415063452198771 -0.021689275545029554 -0.0003538404936864981 -0.029378289768079865
27 270 0 0 0 0.3735028442574983 0.11517439949296968 0.029712185929139986 0.0555146087936114 0.006257966444004787 -0.005459011129677445 -0.010740741390262513 -0.010309877662098833
28 280 0 0 0 0.3375709914163824 0.10707430894217618 0.017291275027159287 0.036557880893493856 0.0009784034606256458 0.012647962862435212 -0.012991707516945719 -0.024841165653567743
29 290 0 0 0 0.3513219561333711 0.12635541126787658 0.02133559518544843 0.013811660218963186 -0.016728712146435717 0.03776989719878023 0.005159306466954779 -0.01959006585015871
30 300 0 0 0 0.33837117635819547 0.1286208718138627 0.04113086748886444 0.03266410524500929 -0.003062055687149812 0.02775962315015822 0.017354978314636102 -0.00667718585823808
31 310 0 0 0 0.3321398282913229 0.12497073752106436 0.03902282346242055 0.021932088212183256 -0.0028353618542600392 0.03837559504846199 0.005413506639136426 0.01273224933375908
32 320 0 0 0 0.32417994128653815 0.11313437946477069 0.03390578144107006 0.002500872897980794 -0.012770656198638626 0.036764513440802234 -0.0008291910881573255 -0.006950314269380305
33 330 0 0 0 0.3415539999230493 0.10641599085707075 0.023980612597889008 0.004602225626814856 -0.0030841421276801393 0.038868143415860555 -0.017054325336796027 -0.02986422225302347
34 340 0 0 0 0.35709276567491066 0.12980396209440784 0.038294940987498916 0.003791962240973981 0.006210765255956931 0.007371268438571818 -0.011410473447799045 -0.029544493804634045
35 350 0 0 0 0.37755327585327686 0.14924227109006058 0.036331118055570745 0.011682534977338815 0.0002753001596841148 0.026924577751675297 -0.005453266483806761 -0.03359702810036408
36 360 0 0 0 0.3758090743744365 0.15791874844589437 0.04608546582119488 0.007334239345984392 0.007945500907469795 0.023359174124503404 -0.006202399754019883 -0.027019076881590325
37 370 0 0 0 0.39193565264509433 0.16537604440649173 0.053064206409049526 0.012215155087696647 -0.0020122547461122104 0.02250017603664949 -0.01325097950099605 -0.01736303158804231
38 380 0 0 0 0.3912094220953171 0.15002243253637834 0.04059011582025214 0.013961900451333616 0.0010976430265086567 0.011922583425761727 -0.00877429500168045 -0.003640594059445567
39 390 0 0 0 0.40949490360146257 0.17540132151394563 0.04520660240630358 0.02121295081022839 -0.006374253404642068 0.010003252502616394 -0.004239371708942869 -0.003967843769095823
40 400 0 0 0 0.4293517259135966 0.18315027633026695 0.05816600683469241 0.020778840525718247 -0.005353750133418502 0.007558845572764496 -0.002950959165160379 0.005300259125390916
41 410 0 0 0 0.43979181191161115 0.19365292844997792 0.04529994721235824 0.007128272530357301 -0.01078481710997483 0.002433873169225172 0.004758129827498525 0.003979778422289073
42 420 0 0 0 0.44903847585957934 0.1997678569475045 0.05362632361139246 0.017119704793638002 -0.012481972498078373 0.012612837029698513 0.01208519923152605 -8.597269803096622e-05
43 430 0 0 0 0.45484453198441727 0.2015029833779447 0.052068894653265245 0.003653778912868014 -0.006343372341796177 0.010974293245304516 0.017450259590023456 -0.0002758763814414256
44 440 0 0 0 0.4613834767871819 0.21420774208769117 0.04712720922065938 0.013042580434812115 0.01677821595872355 0.013077657357109442 0.015151372446029336 -0.0021326704503322027
45 450 0 0 0 0.4799428592844978 0.23460645704199107 0.055961797858221966 0.010587947145625165 0.023542181345546937 0.016584169097208834 0.01125568725078812 -0.00022978842619397988
46 460 0 0 0 0.4871213436893718 0.25038111710204025 0.06158719440456223 0.015391877478716157 0.00374503953046191 0.014077727950555648 0.007066298212994281 0.005522351016017305
47 470 0 0 0 0.5036096915343159 0.26223119800322453 0.07201718395492532 0.02018199162568471 0.01667155589953767 0.008533018490580758 0.002711722314360658 0.0006823091308648467
48 480 0 0 0 0.5205216670233798 0.26902405119098505 0.08095816007904678 0.022891084311896445 0.012623544126094038 -0.004447634349935952 0.00858525871473135 0.018614649834648795
49 490 0 0 0 0.5663865109840103 0.3077751010133841 0.10404368516234 0.0244428888382759 0.01833582467730607 -0.0023498369506252718 0.020632191051109028 0.01786973647101641
50 500 0 0 0 0.5980824976475242 0.34392964881926796 0.1145386332455795 0.020228436819307805 0.020168312585949016 0.008791737739154381 0.028496620668983754 0.009906085465104018
51 510 0 0 0 0.6010828695063289 0.34520535388986223 0.1228147931507868 0.02389849072186652 0.011385029339072563 0.005810495903803555 0.005347134317691597 -0.002321462221620939
52 520 0 0 0 0.5860750337236912 0.336559890131962 0.11016657642060626 0.01776581479105399 0.0035203267731231344 0.009111433589508111 0.0031040953664817294 -0.010278827708595657
53 530 0 0 0 0.610660103696408 0.3653690247852524 0.12375861214754692 0.033438141997415086 0.012312247400905228 0.0033605469604793907 0.015983107021479866 -0.009865043491137341
54 540 0 0 0 0.614463820302631 0.35776536068327336 0.13343740176523414 0.028857251009913973 0.005712873915117339 0.00858744589627818 0.011446930561173798 -0.004652505817618377
55 550 0 0 0 0.614855288677578 0.37618322866680654 0.1425756972086606 0.029215702113608667 0.01009675378379993 0.004636588716568282 0.001358319073027153 -0.0012159334259833738
56 560 0 0 0 0.6548566079415857 0.4126867096735396 0.1636327436601724 0.029385805888554647 0.0030568423233294224 0.01860160587483417 0.010344753026930656 -0.01014732779197849
57 570 0 0 0 0.670337305531257 0.42710189408023436 0.15913563697224414 0.03425210073474278 -0.0008023517899451437 0.029854040697242526 0.025814330176064035 0.011749440212699209
58 580 0 0 0 0.6683464689579571 0.4267001592538284 0.17263618683389603 0.043314836358569725 0.011153309483170244 0.038383612724123245 0.015765112692617943 0.0190626170271399
59 590 0 0 0 0.6653398433464229 0.4218820346575725 0.1767424125489522 0.04500689014796271 0.01072887384112457 0.04123172241150916 0.015415482386648123 0.010230293335705125
60 600 0 0 0 0.6566947841026571 0.42001019687453 0.18081726557778172 0.0346133639397681 0.0069806942967335075 0.028379710796663682 0.016054705198877188 0.013218473728121023
61 610 0 0 0 0.6524458847946348 0.42221644040283074 0.1812355659665283 0.04068446712031942 0.009648923842704845 0.022355975449058808 0.015882614281944072 0.0030775007297137278
62 620 0 0 0 0.6885829857433964 0.46221805141210437 0.19576064116907535 0.05136970458881214 0.007440835079052855 0.02611358216428144 0.004747716748341972 -0.00033530931151574343
63 630 0 0 0 0.690116319183873 0.45927284856827444 0.19061076394560114 0.038480658791861085 0.0020608844331276703 0.0220478502037727 -0.0074601024357745975 -0.005062899052981371
64 640 0 0 0 0.6758400012828735 0.4511544421065593 0.19333143167409492 0.038578821341737755 0.00659221095816942 0.024039411417367467 -0.004398858806674199 -0.0033513875227321505
65 650 0 0 0 0.6853038604908016 0.47323484127216153 0.20922075887231445 0.052340992214028874 0.014846121512127539 0.029280739539550925 0.0012586052195195955 0.0014304822101355906
66 660 0 0 0 0.6922363665765339 0.47273904024478836 0.20865589673272428 0.04377604529331911 0.021078147548765677 0.028124571937941364 -0.00013918796509737705 -0.0009073915620237038
67 670 0 0 0 0.6879303683601646 0.4725770665078997 0.21202833992592113 0.048519593681411365 0.0151992374646184 0.020675688462924918 -0.0025403226609698047 0.0021056709551376157
68 680 0 0 0 0.6862035554501956 0.4704829129129863 0.21479141433740312 0.05246065392290345 0.01316797637177888 0.0168880714586909 0.002530153027330652 0.0013002194105090075
69 690 0 0 0 0.6981213999278533 0.48663078225268647 0.2239805892572775 0.052764746732071356 0.015551523839245426 0.02397142425116667 0.002642462986103803 -0.005475610668985629
70 700 0 0 0 0.7107946454903997 0.5057846275405892 0.23440988245737973 0.05603786877236579 0.019947933580504198 0.025654559815300106 0.005245304317278671 -0.002806664518688033
71 710 0 0 0 0.7239304148374058 0.5191610303807034 0.24537799191265997 0.06284099427965453 0.016026284875302284 0.01814691721844407 0.003955008900288853 -0.0027959119495842965
72 720 0 0 0 0.7147965241324584 0.515089999434037 0.2476319273956543 0.06902134956901643 0.028622416256590677 0.008725883843796165 0.004257166088155764 0.0031979924310035937
73 730 0 0 0 0.7219985497093643 0.5242132285003229 0.2646258950450784 0.08036121749496687 0.034908420531546046 0.007127161514222455 -0.001980084953613043 0.002814703450157316
74 740 0 0 0 0.7466364927450453 0.5548238256086813 0.2909657264672287 0.09051391491960267 0.029150890492554 0.016258311540972535 -0.00918242297633563 0.008328121394540823
75 750 0 0 0 0.7561987166875908 0.5714142969651455 0.312421659321987 0.09731514385053941 0.025575199937232913 0.012367481311328789 -0.004553774637412233 0.005335013649380412
76 760 0 0 0 0.7432569994384255 0.5552401978822283 0.3016266490943749 0.09251712052187792 0.020944788929367412 0.0170253137145687 -0.008805801258586774 0.0019506635895300867
77 770 0 0 0 0.7584526441598379 0.5779336654426236 0.3301562881696924 0.09625713234321437 0.02365413172771012 0.015841150912631514 -0.012115381136211304 0.00627761053008101
78 780 0 0 0 0.7890914113081429 0.6096117152332032 0.3472887017382674 0.12337329912953282 0.02016707247364065 0.011394445569961218 -0.018239885171460975 0.0038491825247514684
79 790 0 0 0 0.8043274709127297 0.6268392949179592 0.3726917462428104 0.12310357293195093 0.01859650699913696 0.00320559432549916 -0.008282980566360598 -0.012452269438849787
80 800 0 0 0 0.8153456894682304 0.6376763217087411 0.38843597493955007 0.13268572547415564 0.021555145828247278 0.002162689291777535 0.00800773752398451 -0.008254747448189525
81 810 0 0 0 0.7854735938457142 0.6174479763505355 0.3786862587678387 0.14506576233599267 0.01233326735407369 0.0026764467035781912 0.012899098228657964 -0.004955593953889083
82 820 0 0 0 0.8110007248970801 0.6448990861846007 0.41586889379816866 0.1616840635826344 0.01356373907311474 -0.007592987688155429 0.013931888772654666 0.00366557433620775
83 830 0 0 0 0.817459517525093 0.6710365550679046 0.43148979151460326 0.18306579463746184 0.02244847013566963 -0.005685978542005383 8.37313754117332e-05 0.00037540078202621225
84 840 0 0 0 0.8230109876721116 0.6858839748582737 0.45468473159847805 0.1946831277845022 0.021745012147163113 -0.0023611052153218095 -0.006586498579400154 -0.017593412617097143
85 850 0 0 0 0.8549091762284653 0.7171574124274424 0.4804706542559244 0.21300389567928776 0.034402601998571355 5.479432595560199e-05 0.004795655710983197 -0.026958346552088928
86 860 0 0 0 0.8247316952694265 0.674300606010513 0.44507716155233895 0.19611822662048276 0.04186436463084338 0.010491004924049311 0.008478524525066325 -0.011419057200154957
87 870 0 0 0 0.8516203141329112 0.715255930144628 0.47427340253637973 0.21874913108544608 0.0285044351365057 0.007096795835801614 0.006994957795423501 -0.00575244237691815
88 880 0 0 0 0.8470444938258571 0.71176877447597 0.48032168791351393 0.2131682012240932 0.027466107789867064 0.007762486945600714 -0.0010262905956758865 -0.017562702598750084
89 890 0 0 0 0.8252146627019036 0.6796608401862765 0.45973030075333243 0.20536760738705598 0.03452430587451414 0.014352730400858164 0.005701812295670737 -0.022476872920641634
90 900 0 0 0 0.8328141150240179 0.6881560307739005 0.4641838939481379 0.21412414033765242 0.053630627694189324 0.017110765718981007 0.004981417354141381 -0.010755637097784645
91 910 0 0 0 0.8334200964997767 0.6904779809458718 0.473384820359587 0.23774694232144258 0.06667403454519974 0.022525533560193378 0.005983880766742587 -0.020702165803346474
92 920 0 0 0 0.8475976888043236 0.7086541014811596 0.4956556083596591 0.2644085850418902 0.07999565251755461 0.022168538634579106 -0.0031235624514432485 0.002098399538098862
93 930 0 0 0 0.8308876504780387 0.6880837172607572 0.46716413355441583 0.24217647301135775 0.08585336864208472 0.03492352816605528 0.0004750855606830978 0.007380021585169813
94 940 0 0 0 0.8485165698063738 0.723237063798931 0.5144355231802735 0.2630273888907586 0.05976361382159046 0.029966503279104325 0.005797986067928082 0.00857310117018618
95 950 0 0 0 0.8315615373260594 0.7122742390196438 0.5083790579821728 0.2627828046553334 0.07874310447201112 0.03940375877764214 -0.00038830721571315996 -0.0038042756418288407
96 960 0 0 0 0.8684627287992907 0.7643945889403078 0.5615174548500652 0.30681335961549017 0.09195757216770392 0.03172452548802589 0.0062782164885331745 -0.01849647388787969
97 970 0 0 0 0.8690038913189632 0.7655239204981168 0.5762935445181078 0.32298964171652167 0.08136644124695443 0.02561894456120231 0.012088868534618241 0.006033908140238645
98 980 0 0 0 0.8675121438905095 0.7667713100766134 0.5824866868736628 0.3356307444005779 0.0979153671599866 0.026870364582620376 -0.001439177384660115 -0.0011676379937123273
99 990 0 0 0 0.853358369118212 0.7500880867322699 0.5481545181179206 0.3033910060657868 0.09850612971136571 0.028495163973801408 -0.00395517965278846 -0.0048236221164111815
100 1000 0 0 0 0.8768526688813403 0.7768032351807045 0.5862855446518499 0.33510453511357197 0.10258506623393011 0.01563981237438919 0.008432083720275681 -0.0010507114949722652
101 1010 0 0 0 0.8746816594307797 0.7689746760817445 0.5877472443914173 0.3317831967882974 0.10041651249631384 0.02408085032704918 0.01210242890761794 0.004656895532800261
102 1020 0 0 0 0.8843471028981182 0.7754082743460676 0.5846442861936373 0.3226273363862588 0.10340778691691176 0.018418631716946573 0.009150546716789066 0.003215970945206573
103 1030 0 0 0 0.872310126535097 0.7637453121312492 0.576386183255277 0.3230489086603154 0.10217662283175556 0.012314541848691603 0.014515072647993642 -0.0029932835075307074
104 1040 0 0 0 0.8698065063068614 0.7645571277060954 0.5743654118164051 0.33129054723644474 0.10676360080175776 0.018095437225468625 0.011160860783741084 0.003447991439046566
105 1050 0 0 0 0.8780899180158177 0.7757375973339036 0.5862410119957805 0.3394299442260025 0.10741894390916958 0.017347806107535967 0.009367156677080156 0.010307150481635512
106 1060 0 0 0 0.8806282643279559 0.7783800318639225 0.5945915537270647 0.3521981168997796 0.11583373279560502 0.01700613953127519 0.012786268383533538 0.0140499959857996
107 1070 0 0 0 0.8816234093051997 0.7800791043473244 0.6008110322467508 0.36000077236783046 0.11884104724456843 0.01662327593328775 0.006911208831624645 0.014055692257054064
108 1080 0 0 0 0.8798406373506896 0.7794070172655344 0.600389819991258 0.36276026653834814 0.12541587517246106 0.020059786675652162 0.007976531420390153 0.006664526719972355
109 1090 0 0 0 0.8816412589311037 0.7805986577385109 0.6058547585127413 0.37778799450908235 0.13974241360963627 0.026278095679763823 0.010684207939168482 0.00424246548568062
110 1100 0 0 0 0.8829479677944715 0.7790332289545768 0.6058018846375725 0.3771517520185185 0.14428983143216997 0.03482640154917901 0.01451048544613199 0.004242054518770976
111 1110 0 0 0 0.8918597413251959 0.7926331503977939 0.617989297595974 0.3897788154777971 0.15034534697686786 0.033102753126924844 0.015653255222469985 0.0037406769816150497
112 1120 0 0 0 0.8991322913400226 0.803462869044078 0.6389484044226897 0.4088023918844982 0.16236261788631423 0.037761317533986705 0.016099955371604805 0.01005731824463274
113 1130 0 0 0 0.8999728673253715 0.8098962918601532 0.6501588963852022 0.42174773723785036 0.1697782839985562 0.04063591923128706 0.013720341385781216 0.004277587660450169
114 1140 0 0 0 0.8943971868435602 0.805344590194132 0.6553875680906828 0.4288050811787034 0.17899469144143335 0.04191177565989675 0.01945933466733359 0.003544641671717902
115 1150 0 0 0 0.9035330588480861 0.8237864498758645 0.6760103044704263 0.45003470222001646 0.1976751750602848 0.04571784683715245 0.023022082576127062 0.00318681128488478
116 1160 0 0 0 0.9126868954576339 0.8395643549666088 0.6876267943605148 0.46313012279495114 0.20909705817622073 0.05260657387418948 0.014839226124544918 -0.0013826365917356965
117 1170 0 0 0 0.9146601539476209 0.842470420396828 0.703187522493991 0.4918610585275515 0.23488810262405066 0.060762081613845935 0.019741586823669346 -0.006003851185826191
118 1180 0 0 0 0.9198480905809793 0.8489323201122293 0.7163124571819981 0.5005312821858987 0.24300726406925627 0.07185800395120133 0.01612029046719896 -0.0017585112640766548
119 1190 0 0 0 0.9154925001264778 0.8508724965790996 0.7259480336220683 0.5144139927207344 0.26313992256283436 0.08210491028194232 0.02135642562327817 0.00022579506377197673
120 1200 0 0 0 0.9255502039363659 0.862214941079522 0.7437800378211322 0.54287041014635 0.272832743286282 0.08073154288835498 0.021253779043188013 -0.006762077411074054
121 1210 0 0 0 0.922360449447141 0.8606476267789014 0.7310903187754126 0.5379658560664814 0.2800892993531191 0.07783905415324849 0.023372293776731726 -0.017077616864441314
122 1220 0 0 0 0.9330761710525155 0.8804319434191203 0.7745111328544357 0.5796574797929172 0.3219125844640457 0.10706654459445705 0.03109516594361003 -0.019905322210562435
123 1230 0 0 0 0.9401881586764569 0.8867594802586164 0.7788306505774367 0.5895306410912546 0.3381571248456216 0.1264574914449268 0.03656064884546222 -0.02592688182757477
124 1240 0 0 0 0.9348625637800487 0.8893969237710243 0.7798097803539372 0.6041058774483024 0.34410922415148665 0.12419296961070797 0.0228911556874557 -0.021831685836270764
125 1250 0 0 0 0.9353875400019819 0.8827812863102772 0.7784514241911262 0.6118592099902349 0.3604485149624667 0.13362316206177408 0.025478850378779422 -0.012192960421476714
126 1260 0 0 0 0.9388594679325851 0.8878516362450657 0.7833099221014411 0.624190166951394 0.3786349706948016 0.14474539668560224 0.01839008636633308 -0.011976680460548698
127 1270 0 0 0 0.9469483971427334 0.8922772734695265 0.784239267442543 0.6228567761852025 0.38686390099084633 0.1616748229388965 0.01227728965788507 -0.001695884281824658
128 1280 0 0 0 0.9534613724039489 0.9029795729467833 0.8039464159928231 0.6694272904660044 0.4362872859698834 0.19370603178124762 0.019342509679570262 -0.01728446539169678
129 1290 0 0 0 0.9562295354465615 0.9171410851665955 0.8279732737090292 0.6893267034060332 0.450482417503235 0.2061436953074257 0.024889765433650107 -0.015493379608465422
130 1300 0 0 0 0.9632400206293301 0.9246592842610042 0.8426063517416211 0.6861017804208189 0.4582042942084965 0.20842495873126957 0.04008908752841264 -0.024273109736018664
131 1310 0 0 0 0.9638560195270862 0.9243061660717368 0.8356223747565502 0.6816763248870022 0.4621836525207579 0.21152156631401065 0.049991956928362724 -0.01843951638713994
132 1320 0 0 0 0.9571729903159446 0.9144483998482842 0.8277847755434768 0.6996319040364616 0.46567706545168186 0.20833518453628255 0.04792182175402974 -0.00550717014891545
133 1330 0 0 0 0.9574226837232087 0.9180097273166878 0.8396166703980826 0.7081987891957676 0.4804555435670374 0.23188424337245894 0.06240689506511303 -0.006016019813967573
134 1340 0 0 0 0.9612888346539485 0.921798037780324 0.8579616777163344 0.7404432062544609 0.5360148368913075 0.2896367332192985 0.062208379597704345 -0.02072438669719249
135 1350 0 0 0 0.9783566040113614 0.9392013090859623 0.8629644165561284 0.7491129900037701 0.5541614199119475 0.29553537398904606 0.07482041802114878 -0.023624354537412028
136 1360 0 0 0 0.9861782809113651 0.9427138119788527 0.8619267857759616 0.7499607875989932 0.5671306200651653 0.31655219196255135 0.07750252783122054 -0.02245152398326633
137 1370 0 0 0 0.9801307208914526 0.9368651069711095 0.8700214188740035 0.7573099293422969 0.5506418009764615 0.30688898757648453 0.08228389445943321 -0.003008369391097444
138 1380 0 0 0 0.9797778382363204 0.9381425516379732 0.8620043529551022 0.7429120384734308 0.5531336239899767 0.31024040314638457 0.08318393075505026 -0.0020104726300684216
139 1390 0 0 0 0.9881019734103045 0.945437475394661 0.877273881007426 0.7637232709566599 0.5778003846069758 0.3276117497932064 0.09236587225081179 -0.006724489042927864
140 1400 0 0 0 0.9738430284623864 0.9366390200121664 0.8789174191160332 0.7660363810299092 0.5654414673736796 0.3164999124603698 0.0891668215439024 -0.0042744847338098265
141 1410 0 0 0 0.9657721460206508 0.9285116409376938 0.8762421000648013 0.7650537087977016 0.5848474491618239 0.33578005511211967 0.09228120672479613 -0.008646718190559333
142 1420 0 0 0 0.9722453457264243 0.9351955422375616 0.8843718720960679 0.7728799513530009 0.5903506353323864 0.3408857782947905 0.10818089671486786 1.2032078465804528e-05
143 1430 0 0 0 0.9695806807370843 0.9341799809874444 0.8819977418728433 0.7683511616088693 0.5997015110284732 0.3593321452907984 0.122301774718703 0.00800451453335757
144 1440 0 0 0 0.9690292731778244 0.939543043616365 0.8897375400871395 0.7832975299064371 0.6128680668467457 0.36139653808671207 0.12718684651395396 0.009226838092028301
145 1450 0 0 0 0.9749175968934533 0.9407755839935722 0.8814289222869227 0.776121393796553 0.602466843953374 0.36053837951062906 0.1312668120411119 0.014750263102265399
146 1460 0 0 0 0.9805607413990274 0.9494004398055744 0.8989377719953117 0.7974548337036604 0.6303185353549672 0.3852321582143101 0.14774668493873194 0.019684349468586528
147 1470 0 0 0 0.9798793300942948 0.9474438676907758 0.902767135402023 0.80040050434208 0.6510177525815437 0.4065015389730512 0.1604828282105063 0.031829876788828454
148 1480 0 0 0 0.9791386745733973 0.943720055351714 0.8967637124257686 0.800623745771299 0.652391535352421 0.41766920139379043 0.16825609614903977 0.04622043764497027
149 1490 0 0 0 0.9787092880727981 0.9453527929748186 0.9008846110941685 0.8095205550152048 0.6566804428630969 0.43297367762975913 0.17452286931063868 0.038029346616542586
150 1500 0 0 0 0.9723788474959337 0.9407970384929668 0.8993483248588264 0.8162930528933244 0.668285030213097 0.456335620347733 0.20902178581220335 0.05512731081885793
151 1510 0 0 0 0.9673014462091754 0.9423441592407442 0.9008950062066006 0.8147302977963976 0.6726017228762385 0.45977160824497365 0.21350109138716009 0.05526042404966403
152 1520 0 0 0 0.9759601791620708 0.9503129173865107 0.9149882383486674 0.8211423164887754 0.6882089109473347 0.46895747708008145 0.22241315002833334 0.048715624305828494
153 1530 0 0 0 0.9738845423528406 0.9443863931350085 0.9115907433023078 0.8287899711967065 0.7036056485085428 0.5024704549822631 0.24970305711049476 0.05410445243945531
154 1540 0 0 0 0.9727009289059539 0.9423583548461044 0.9063998442893298 0.8336530778497959 0.6989288829939521 0.5068654776518999 0.25163604803673295 0.0564141677576375
155 1550 0 0 0 0.9767083371470596 0.9514373091286561 0.9135782660803662 0.848859349558399 0.7176837527806615 0.5169911404546338 0.2666886780747764 0.06021355092404896
156 1560 0 0 0 0.9778302871905697 0.9585902545206658 0.9201934562194513 0.8474464372977112 0.7316022122544259 0.5249450525912583 0.2678601061229185 0.05661307249281515
157 1570 0 0 0 0.9781948660622529 0.961634478748733 0.9218762922277428 0.851781696322556 0.7308269306263524 0.5243842971232353 0.2693823200274505 0.05819124546047815
158 1580 0 0 0 0.9813190173835328 0.9691328702448795 0.9261479003188564 0.8452658769771096 0.7309248953239328 0.5252842011010586 0.2731111613010625 0.06392982536786362
159 1590 0 0 0 0.9814430925436124 0.9739800232945314 0.9367966286827614 0.8583224865430564 0.7339077056487563 0.5315789834658325 0.2819680405449351 0.06640494410447853
160 1600 0 0 0 0.976004969318635 0.9728808746774967 0.9411179116173104 0.8687730655453666 0.7547378528091475 0.5560590894947213 0.3011261691101941 0.08608285961668145
161 1610 0 0 0 0.978360386297309 0.9765013285433829 0.9421958796432728 0.8721222904716004 0.7608122057425649 0.5632846355897078 0.30052903067227077 0.07863751396834025
162 1620 0 0 0 0.9809778578379249 0.9716485216093591 0.9408434724630357 0.8758323929067445 0.7654766688026076 0.574030120435179 0.30999253313658703 0.08050741283703701
163 1630 0 0 0 0.984422677876274 0.9745223742709914 0.9474169688003846 0.8809256448931054 0.7767864755722788 0.58873783319323 0.3243817419961897 0.09982514249631741
164 1640 0 0 0 0.98610269555614 0.9676568450964224 0.9410806060747359 0.8696462756527161 0.7724060819489559 0.5924248206080983 0.3426386331261247 0.10975882233564829
165 1650 0 0 0 0.9882531766298045 0.972782574429275 0.9434884374872144 0.8778853842369199 0.7750549535961746 0.5892247812212491 0.3382017466348567 0.11230657724910338
166 1660 0 0 0 0.9895667729061346 0.974861158697718 0.9416531035031483 0.8739807080921771 0.7718548406193783 0.5958321720345635 0.3533670373085503 0.11328979505733654
167 1670 0 0 0 0.9899482046082326 0.9688065842543235 0.9431885224463601 0.8901328845093135 0.7891703746366523 0.6199075984787279 0.37635503312715557 0.1227020434752559
168 1680 0 0 0 0.991467111700146 0.9721472052302351 0.9389904634882503 0.882046030231563 0.7817268643019863 0.6128563002721419 0.36883685134143906 0.12750462402682955
169 1690 0 0 0 0.9881698175406228 0.9663974673023489 0.9355022246840475 0.8828278030317217 0.783189915179769 0.6143185371356437 0.37282872425330815 0.13602694617523722
170 1700 0 0 0 0.9884726683826784 0.9699794719638645 0.9419055442255705 0.8906742260047354 0.7902376605894315 0.6236541934725555 0.3810566789099156 0.14270478732125363
171 1710 0 0 0 0.9931482282542519 0.9739781990181917 0.9420016443916279 0.8925639251339651 0.8021618758693588 0.6432596017570897 0.40523154751353074 0.15388377182063956
172 1720 0 0 0 0.995618681855896 0.9789931897056439 0.9482995912833622 0.8982734949004804 0.8066179162355708 0.6504827385450822 0.41959351184326316 0.1575466669966236
173 1730 0 0 0 0.9899915094853544 0.9771592724710696 0.9502319194093719 0.8947733206865447 0.8054480443118088 0.6420743251970421 0.4101134888530565 0.14915774139803806
174 1740 0 0 0 0.9901029227321277 0.9784650784418483 0.9546447067136384 0.9057838440765629 0.8184867047613217 0.6549416663019368 0.41757546535733503 0.15363317868648738
175 1750 0 0 0 0.9886190461894896 0.9751519181861649 0.9539556897840961 0.9092791186124589 0.8246164520308527 0.6638385189787418 0.42095109833412464 0.15592852244724054
176 1760 0 0 0 0.9851475397710756 0.9706987627983752 0.942801244336261 0.8945382771865278 0.8004281800763849 0.6366999457257008 0.3983539422445487 0.14151588143819482
177 1770 0 0 0 0.987630682188234 0.9721360541239883 0.944636741647826 0.8993384856136073 0.810006580679026 0.6553460960153968 0.4234123580302138 0.16493781523875004
178 1780 0 0 0 0.9919578734595667 0.9750055137426457 0.9473744162164041 0.8959426503029094 0.8048505336453713 0.6484293555669419 0.42299970093090333 0.16519131783475438
179 1790 0 0 0 0.9909105065315336 0.9793748626288465 0.9537949285026481 0.9045690349166746 0.8195902983033986 0.6624886619028723 0.44683289469227855 0.1795733929917889
180 1800 0 0 0 0.9902296296444298 0.9778867031895082 0.9541717512676615 0.9044884256316377 0.8213979353259024 0.6645517816658291 0.4439583656300121 0.18029208216485898
181 1810 0 0 0 0.9864980486569284 0.9784897064798135 0.9555705903276597 0.9044874473324616 0.8177046012541972 0.6578840998628813 0.4414772104805768 0.17884685235230557
182 1820 0 0 0 0.9886590873128847 0.9806358242584294 0.955400319773212 0.9059955110937639 0.8210270528913718 0.6655233386844827 0.44884853798805774 0.19036198787872338
183 1830 0 0 0 0.9919087306662203 0.977146482873165 0.9499735640617882 0.9028671048282222 0.822823699303735 0.6796126391421037 0.46002858425327997 0.19807153146368917
184 1840 0 0 0 0.9898872987948693 0.9753009546705299 0.952877669637682 0.9118455621175319 0.8358163116390327 0.6978361399008888 0.47986443045455157 0.21285666409897513
185 1850 0 0 0 0.9904766082160699 0.9746177100939947 0.9538240221660316 0.9102710525779248 0.8361609951338653 0.6987529850654518 0.48050062104163443 0.21850052065321582
186 1860 0 0 0 0.9901819591921617 0.9746078066239084 0.9555552497732304 0.9110477154545881 0.8345545180718522 0.6982673591201961 0.4742468765019012 0.20914000620639311
187 1870 0 0 0 0.9912140090272356 0.9758548644080538 0.9587618147216863 0.9169664827230012 0.8396405540269148 0.70580037446417 0.4901536761167657 0.22290724088197206
188 1880 0 0 0 0.9924397317645882 0.9773048291024709 0.9606740851949067 0.9156243205943219 0.8344974544679599 0.6969599822550939 0.4843187284855984 0.21950855351493387
189 1890 0 0 0 0.9976911210792275 0.9813370531946444 0.960828366150475 0.9187279319731511 0.8411188533521144 0.7052242667044488 0.4921146818017781 0.22637910265915703
190 1900 0 0 0 0.9956929178075057 0.9803776434965715 0.9623587001070902 0.9229720467704952 0.8450685989438963 0.7157315233933044 0.5119742697211767 0.24494880924900486
191 1910 0 0 0 0.9979499692805729 0.9822451348262233 0.9641656079128674 0.9276874463874679 0.8549974825756131 0.7336034062642216 0.5350957551163149 0.2665132550501208
192 1920 0 0 0 0.9978925431053554 0.9831269364399201 0.9600305526969397 0.9236751968646529 0.8535078291857225 0.7311240748789276 0.5333265720804635 0.26638536655456746
193 1930 0 0 0 0.9981911181655806 0.9836646573504173 0.9643042604633849 0.9281213786738824 0.8561427640396364 0.7387348606585444 0.5465157859849009 0.2788266498344775
194 1940 0 0 0 0.9901939563615151 0.979039532942681 0.9618455829036515 0.9232855550218325 0.8504938055754186 0.7238626203014427 0.5235358934334294 0.25820776828357733
195 1950 0 0 0 0.9936138318760163 0.9821331312398229 0.9674093872534966 0.9306190111996265 0.8604560805030934 0.7408229413655903 0.5389742237827145 0.27161230888265353
196 1960 0 0 0 0.9900425306744571 0.978864967511789 0.9651077028288045 0.9287671572510022 0.8608710153888806 0.7434761223421215 0.5431601393074738 0.27815027497046196
197 1970 0 0 0 0.988750013015396 0.9780930036188223 0.9616614663074148 0.9223722283083154 0.8523187996532443 0.734201902876034 0.5369130287170177 0.27403712974794386
198 1980 0 0 0 0.9930380639550885 0.9818024955250145 0.9630821784337524 0.9235112966250094 0.8553427458844445 0.7334027146611878 0.5304724329846227 0.270242434815779
199 1990 0 0 0 0.9918553246674001 0.9802805139540646 0.9606586270826791 0.9257087827061303 0.860193488534458 0.7438924919103017 0.5495391568377757 0.28790017378097943
200 2000 0 0 0 0.9929852104627602 0.9838421863042949 0.9625266110459038 0.9256446114220974 0.8590220858304871 0.7407765364411423 0.5508050083566094 0.2910535224275252
201 2010 0 0 0 0.992124678568456 0.9827017609691966 0.9620870235930972 0.9298270544953928 0.8635362258736713 0.7471527484567803 0.5662864707001177 0.30362316741478734
202 2020 0 0 0 0.9922282090612824 0.9828632379270428 0.9643922475381369 0.9303989052169519 0.8633828650649593 0.7453009216042197 0.5625106536258012 0.29927338623994776
203 2030 0 0 0 0.9930293390349245 0.9841834826032455 0.9637462010908435 0.929095329170299 0.8631923981257504 0.7447888174939392 0.5609663398262602 0.2996543096198296
204 2040 0 0 0 0.9933985706067352 0.9864764902114188 0.9663453748300763 0.9327808358365708 0.8668595860537046 0.7482001597124639 0.5618050124877476 0.3030321864708699
205 2050 0 0 0 0.9921045067062686 0.9857973533815907 0.9640968271321277 0.9320910771298342 0.8705763308830641 0.7553592467292145 0.573785710972715 0.3156352883603844
206 2060 0 0 0 0.991217342992858 0.9856044492268949 0.9663627267803986 0.9347665408520501 0.8759678305885127 0.7644830690108225 0.5812872715490223 0.3210389148952464
207 2070 0 0 0 0.9904490256842801 0.985571702517736 0.9660790783022016 0.9347447585732688 0.8742499012380712 0.7651470245131531 0.584776073921683 0.32498743788110124
208 2080 0 0 0 0.992079935812469 0.9871068268547785 0.9673206991666397 0.9338681500456872 0.8721607250516712 0.7630717480575654 0.58118278980353 0.3246782677576158
209 2090 0 0 0 0.9937872109996273 0.9886354197930739 0.9694730636361889 0.9346111413633741 0.873424470857915 0.7640072622003012 0.5819979292561012 0.32425987910729825
210 2100 0 0 0 0.9920546650171637 0.9861989330337358 0.9679175279055106 0.9353414876760477 0.877058661294687 0.7694250744049433 0.5889196494469469 0.3308206882120752
211 2110 0 0 0 0.9902176271625717 0.983644722072128 0.9667676016323733 0.9354441371473693 0.8796793124473747 0.7736300099297437 0.5942173696188975 0.3366698522453496
212 2120 0 0 0 0.9905163005711639 0.9837265788807776 0.9653607576714512 0.9318319939199596 0.8753464435592624 0.7676243679770343 0.5872911028982322 0.33263145329134214
213 2130 0 0 0 0.99072541091889 0.9847868182720673 0.9649677107790198 0.9351349375529513 0.8805914253416227 0.7735433305846385 0.5983331217927971 0.3447689833890555
214 2140 0 0 0 0.9911480870949799 0.9838608229000242 0.9649756069872121 0.9350116327016157 0.8779270632304946 0.7701822342169891 0.5979594419871126 0.3475662993357397
215 2150 0 0 0 0.9914726701852914 0.9841549155169946 0.9665190246408829 0.9367463380689631 0.8812393071672758 0.7748216066092678 0.6097744789886242 0.3614774344516012
216 2160 0 0 0 0.9913766860668614 0.9830174758455781 0.9657439083755253 0.9346959698631561 0.8802726128247934 0.7739106642510858 0.60694532903241 0.3608925176870141
217 2170 0 0 0 0.9918172251331185 0.9843245042309942 0.966079484573949 0.9383839249523813 0.8863442510895996 0.7813568232828825 0.6125757542048634 0.36268886590577487
218 2180 0 0 0 0.9931106134015592 0.9860818701429298 0.9685745103289383 0.9398137078261971 0.8896945289385229 0.7836312404575394 0.6175426071641958 0.3705038908386555
219 2190 0 0 0 0.9927928537721942 0.9862967192527853 0.9685149316840268 0.9405712929599629 0.8902764608421457 0.78681860285708 0.6208386391938114 0.3735454012140665
220 2200 0 0 0 0.9919222125267051 0.9861993236274611 0.9691144847593379 0.9415939361156693 0.8914674475912541 0.7873779529085554 0.6221187399850211 0.3769869592488433
221 2210 0 0 0 0.9903235825816158 0.9851390592172334 0.9693319560765876 0.9429018960716059 0.8956048155364162 0.7945012088011697 0.6314846566577391 0.388386726014351
222 2220 0 0 0 0.993784226663969 0.9890174872024939 0.9722766447026735 0.9452206239953969 0.9020856498665152 0.8049712587547617 0.6539032355809965 0.4136780876945543
223 2230 0 0 0 0.9925993938905711 0.9879144763550692 0.9718176075408367 0.9453132179540049 0.901594625059433 0.8068593824611833 0.6541944897173749 0.41449986616934525
224 2240 0 0 0 0.9928923799426342 0.9886523470805331 0.9724132543540107 0.9474636355879313 0.9012509976287819 0.8063872264023686 0.6503807828362944 0.4076631006247044
225 2250 0 0 0 0.9920647706846442 0.9909860375621663 0.976163756286502 0.951002985542142 0.9086707994353336 0.8147641568249807 0.6620760748592893 0.4277667963730266
226 2260 0 0 0 0.9876415711617904 0.9847792820342998 0.9738332679258861 0.9503253368879312 0.9054737250712716 0.8183171525553706 0.669402336510228 0.43484851570640354
227 2270 0 0 0 0.9908585975081604 0.9855375399651367 0.970841529898856 0.950519994594812 0.9034069483499715 0.814511361209113 0.6671470279916121 0.4321765567082943
228 2280 0 0 0 0.9936197892328968 0.9906948094461507 0.974521415867265 0.955135976775966 0.9081401389500117 0.8180197328746244 0.6710915881139222 0.4447974898713462
229 2290 0 0 0 0.9906216024002855 0.9893325501574661 0.974770424067098 0.9537179116872441 0.9090739288830825 0.8234174253664202 0.680287273264045 0.45877782560335423
230 2300 0 0 0 0.9914989847164953 0.9891605644558166 0.9760930859513264 0.9569659988260691 0.915526793897188 0.8355578499662843 0.700367871129092 0.4822335007042808
231 2310 0 0 0 0.9869896465462007 0.9857929226432518 0.9775808314021317 0.9561871148410321 0.9173104896963895 0.8398433075165828 0.7043520920984748 0.4927325625712936
232 2320 0 0 0 0.9901570910155927 0.9911279148584418 0.9806133791745429 0.961274804865022 0.9244352089320937 0.8458730451460099 0.7179671252675912 0.5079531185641168
233 2330 0 0 0 0.9856749762682275 0.9886646020173394 0.9820031507839873 0.9622392266918761 0.925926745827515 0.8527179329205301 0.7256397614606415 0.5217609085808421
234 2340 0 0 0 0.9870140812918102 0.9907234481025106 0.9841563364400933 0.9656064685227511 0.9335435914159104 0.8674768038092433 0.751928155140232 0.5630231988023582
235 2350 0 0 0 0.988396914860586 0.9921923498449093 0.9858982104150428 0.9693454873058176 0.9336284110958719 0.8677262729975928 0.7544062274011643 0.5657783148304238
236 2360 0 0 0 0.9901718202734539 0.993131282009294 0.9818280525445297 0.967852320033723 0.9353498125592845 0.8728127815136456 0.7707708546632775 0.5834746937473634
237 2370 0 0 0 0.9910959326092976 0.9930553158658533 0.9818804116028086 0.9670572740136815 0.935762094834163 0.8706837909409104 0.7631120609186074 0.5785060286865974
238 2380 0 0 0 0.9914926434423164 0.9923869335696671 0.9823072160284406 0.9641789820051344 0.9336868776569945 0.8712242224070474 0.7660448509358001 0.5785934102053849
239 2390 0 0 0 0.9934943235143744 0.9955433630419865 0.9884104469257516 0.9723932442248863 0.9436729707669639 0.884425843301133 0.788338395000896 0.6051952015764049
240 2400 0 0 0 0.9929209583666261 0.9939691739754367 0.9854497141286689 0.967536927344566 0.9337864194952701 0.8727561284675337 0.7651235095167991 0.5812583832563566
241 2410 0 0 0 0.9964242583009576 0.9957731435571824 0.9847997517859954 0.9720909938145916 0.9405941022350239 0.8842088676520378 0.7850529670266663 0.6107457886178119
242 2420 0 0 0 0.9958064923932403 0.9945864647105105 0.9871689343888956 0.9737689570119825 0.9406663927733531 0.8816174226817202 0.7722655428851062 0.5983943262604694
243 2430 0 0 0 0.9940056424152189 0.9935460905104788 0.984786437593514 0.9697575850138445 0.9380052915671803 0.8812612884618894 0.7797955472991949 0.6132794832503052
244 2440 0 0 0 0.9936301608569927 0.9946380383620631 0.98630107313655 0.9760355272630438 0.949662333345855 0.8984595514008193 0.8049663270529192 0.6430556012771383
245 2450 0 0 0 0.9919791326019529 0.9936888087883649 0.9851340634495358 0.9748514202358283 0.9483079437154582 0.8985524428171636 0.8112149114966393 0.6616656845752312
246 2460 0 0 0 0.9937761031012591 0.9950560444345827 0.9878629848049438 0.9746858715402174 0.9492442127494178 0.8961304704687082 0.8082871828885533 0.6457069146935426
247 2470 0 0 0 0.992826583614214 0.9947136463572105 0.9878621646393745 0.973950060313801 0.9495135604243572 0.8990239898514107 0.810017132577715 0.6535392236390346
248 2480 0 0 0 0.9941556603356619 0.9958983204738442 0.9885011930852073 0.9769673342019749 0.9570079031023798 0.911473562520243 0.8312101292662197 0.6840351275288763
249 2490 0 0 0 0.9936814893716066 0.9954245388951508 0.9894988294673612 0.9799076917842574 0.9628607009636229 0.9227906729136235 0.8457770298770099 0.7113443121585132
250 2500 0 0 0 0.9922398993545711 0.992843523847636 0.9895701670247511 0.9818654972514571 0.965592925854822 0.9286654665878356 0.8590804552734369 0.7321503378319718
251 2510 0 0 0 0.991634369232572 0.9926147493783216 0.9902837118122806 0.982213303899365 0.9673035223202076 0.9303673063962722 0.863294459759258 0.7421282080694618
252 2520 0 0 0 0.9913240789651722 0.9933242201677682 0.9923440561105392 0.9855842259955243 0.9716208410972713 0.9401050660728112 0.8830066360506712 0.7720841229354237
253 2530 0 0 0 0.9924655253016198 0.995123858379415 0.991841731477084 0.9899248617757972 0.9807220042640641 0.9552785287117017 0.9096676219296757 0.8157636780744769
254 2540 0 0 0 0.9949489227778103 0.9979030459893756 0.9929251452199418 0.990349507884984 0.977433715891947 0.950830775967979 0.9030707042329826 0.811187846115178
255 2550 0 0 0 0.9986820155984226 0.9995765650584231 0.9954688941370012 0.9894230751533709 0.973892327603818 0.9470907233447932 0.8990434650676138 0.8058147716895899
256 2560 0 0 0 0.9995927824215556 0.9996900120952237 0.9947184252231906 0.9885788419072287 0.9711372070742144 0.9432760719213408 0.8891449455316757 0.7883606896768841
257 2570 0 0 0 0.9974043710895545 0.995712651760276 0.9911176913799694 0.9842814357168622 0.9662415578574182 0.9337673132904287 0.870993570542544 0.7598368825918195
258 2580 0 0 0 0.9969433750845781 0.9948579622690197 0.9912293518955694 0.9842095277412811 0.9678968633147627 0.9363633462360155 0.8777277064343532 0.768228418540532
259 2590 0 0 0 0.9976782556601185 0.995256875678824 0.991618621468368 0.9866492889689529 0.9696905370290403 0.9400277950719949 0.885013250783754 0.7785485408330248
260 2600 0 0 0 0.994813952311777 0.9933992765466111 0.991937819814592 0.9878850215301357 0.9751190975442814 0.9502701172735956 0.9035613101934772 0.8136569150767039
261 2610 0 0 0 0.9970653653174859 0.9949696100654106 0.9919663927550435 0.9878572816481646 0.974074621969931 0.9507877523222288 0.9072559363421113 0.8219174266541697
262 2620 0 0 0 0.9971625445656568 0.9957130401300819 0.9936727933191862 0.9894990027607705 0.9781508774254963 0.9562219943969928 0.9169436369007269 0.8422199967812103
263 2630 0 0 0 0.9973576308708323 0.9964252418426077 0.9962149317885794 0.9945342837106224 0.987277143819172 0.9749233883786503 0.9534795249663769 0.9089145795749316
264 2640 0 0 0 0.9967621877820794 0.9956153635796311 0.9950264407951784 0.9919941496261905 0.9828527737407818 0.9672812929785163 0.9394305649155643 0.8840722855294348
265 2650 0 0 0 0.9965065814583153 0.9948887913851301 0.9951309696984275 0.992106769070039 0.9833918617447248 0.9678272544603835 0.9390146716450579 0.880141681348995
266 2660 0 0 0 0.9978926455608159 0.997048836915906 0.996194681604426 0.9945047644034999 0.9864945859018003 0.9732961114992437 0.9500968777694323 0.8954741876629881
267 2670 0 0 0 0.9969375276616996 0.9965238265811336 0.9952541044551041 0.9913890808677018 0.9806691162398421 0.9621966178263637 0.929532426246968 0.8632761596545324
268 2680 0 0 0 0.9977004470968868 0.9976249553599854 0.9959941369696991 0.9916625490200902 0.9824371345399763 0.9632514604455477 0.9304953563662375 0.8654129819393795
269 2690 0 0 0 0.9979463978106908 0.997961545948175 0.9954902335086864 0.9906520702378915 0.9807524076369322 0.9613612466087614 0.9240896961899547 0.8538959521093658
270 2700 0 0 0 0.9982815823856956 0.9980259999352201 0.9963068326111078 0.9925803689051264 0.9839002666572098 0.9675995789164389 0.9347227762341225 0.8729474617259996
271 2710 0 0 0 0.9984222047523492 0.9988025738543059 0.9962325360981913 0.9933565598345118 0.9851168345664254 0.9702202206526473 0.9397465722767024 0.8831582398834333
272 2720 0 0 0 0.9981517556149682 0.9989083780723771 0.995964986019015 0.9930490148253162 0.9847007727280668 0.9695648434122209 0.9394310826515242 0.8834499127674758
273 2730 0 0 0 0.9980616747961392 0.9984538009140542 0.9965192096020142 0.9942565284619309 0.9859735145486492 0.9716482272073633 0.9443417131998824 0.8900971739417456
274 2740 0 0 0 0.9981570442098663 0.9984422976858194 0.9969441799884737 0.9949212250438629 0.9878280700646972 0.9746868910359947 0.9514475314762368 0.9017119998917764
275 2750 0 0 0 0.9981023059245808 0.9983339811217371 0.9971719593495253 0.9951477682972142 0.9888553637557894 0.9760536333105716 0.9546628706174629 0.9084179033223532
276 2760 0 0 0 0.9982573201336771 0.9982384828373378 0.9971016949131685 0.9947480839401904 0.9888063983603173 0.976692834267071 0.9568377655305947 0.9136529273309639
277 2770 0 0 0 0.9981477926295547 0.9982448396422202 0.9970727023422811 0.9951617656120473 0.9909184804593394 0.9804922943347714 0.9631817617770145 0.9255303458013004
278 2780 0 0 0 0.998539123723423 0.998768092344992 0.9980404110627477 0.9961949613728176 0.9923531823535183 0.9840494549684823 0.9703615826784285 0.9398614652398635
279 2790 0 0 0 0.9984948724176704 0.9986919574447463 0.9982735017618364 0.9963437268199108 0.9920412156976115 0.9858224984196325 0.9724797021096875 0.9457019522575545
280 2800 0 0 0 0.9983861150528002 0.998790744329157 0.9981432587646528 0.997132030446075 0.9943554683775999 0.9894315306428482 0.9778288062951721 0.9545977798272411
281 2810 0 0 0 0.9988839347844499 0.9993235237425678 0.9989447982809985 0.998651632808971 0.9969470645966997 0.9945550722456711 0.9876450857504406 0.9734559046055267
282 2820 0 0 0 0.998630992184826 0.9988842730432811 0.998630459590866 0.9977674852935168 0.9960415913267301 0.9917660579587413 0.9831244099313339 0.96433425903551
283 2830 0 0 0 0.9992644731410298 0.9995100166630115 0.999087845734527 0.9987319018301176 0.9982321264522908 0.9953462897454622 0.9893381772227148 0.9760473532309365
284 2840 0 0 0 0.9987400503545134 0.9988069166559919 0.998657643679753 0.9980966753959049 0.996316620767494 0.9934560582212961 0.9867884091203948 0.9733526920863843
285 2850 0 0 0 0.9992080389731187 0.9986167072297226 0.9987041623844304 0.9981406346398204 0.9968767141647399 0.9937641955510343 0.9869939938026753 0.9739937318736229
286 2860 0 0 0 0.99951610082982 0.9994144389395241 0.9991006648693881 0.9991282335793563 0.9990956745589419 0.9982967062839105 0.99600426062096 0.9919595381539962
287 2870 0 0 0 0.9992634996395625 0.9989492054968352 0.998977636527508 0.9988067244267598 0.9980345716285792 0.9962744650059266 0.9908779502833113 0.9816449762535723
288 2880 0 0 0 0.999699920772297 0.9993689458839415 0.999442803768047 0.9989741630592511 0.9992853133109745 0.997651176949283 0.9950456034994662 0.9909098826508954
289 2890 0 0 0 0.9998316163740307 0.9998690481765916 0.9995778616505145 0.999133344033917 0.9991924745646243 0.9987196021643033 0.9973203507192863 0.9953927616422825
290 2900 0 0 0 1.0001634802429729 1.0000485931824736 0.9998101484974791 0.9995630749106247 0.9998788654612534 0.9994056176350976 0.9994142858639464 0.9993293779374266
291 2910 0 0 0 0.9998880457544242 0.9996259652137012 0.9996394621942314 0.9994694566651792 0.9994618455762753 0.9981326112344727 0.9967156335485867 0.994271997164925
292 2920 0 0 0 1.000077436798602 0.9997231213141491 0.9996795341217909 0.9994825246760969 0.9996007233510629 0.9982424123110112 0.9970330922456915 0.9943100688904145
293 2930 0 0 0 1.000092505870014 0.9997050985123918 0.9997872726680375 0.9994765048740668 0.9988792840715589 0.9973387867144465 0.9948178790462197 0.9894212835897174
294 2940 0 0 0 1.0001320806117444 0.9997308603595768 0.9995656534681068 0.9995278552153412 0.9987908270088668 0.9973758200453725 0.9952921459132283 0.9906334685626431
295 2950 0 0 0 1.0001041582639676 0.9998709723064573 0.9996771431209313 0.9996538881763151 0.9993129499860242 0.9982648299049761 0.9968558906915252 0.9943021530621133
296 2960 0 0 0 1.0003159911046051 0.999994724877441 0.9998822102669819 1.0000056614860156 0.9998101892466922 0.9991897033777557 0.9984111619056123 0.9972519784121214
297 2970 0 0 0 1.0001151265909092 0.9999858697195547 0.9999682622007544 1.0000232387606285 0.9998893137597585 0.9995436568620284 0.9990690108546613 0.998018197508761
298 2980 0 0 0 0.9999627177629639 0.9997869650118048 0.999739375086462 0.999677433498943 0.9993323121155536 0.9986884557745747 0.9975722375504728 0.9951106696921842
299 2990 0 0 0 0.9999556601861534 0.9998135256142069 0.9998360635654261 0.9998852702080548 0.999593942096203 0.9993350724933446 0.9988400820632217 0.9977795662438655
300 3000 0 0 0 0.9999641670778121 0.999842706309205 0.9999187627054972 0.9999606236887435 0.9999612019764273 0.9998771854411503 0.9999155385064467 0.9999503856846187
301 3010 0 0 0 0.9999827000150947 0.9999855749427632 0.9999215843311487 0.9999478173319785 0.999907119549979 0.9997124749863657 0.9995659880958563 0.9992609040252627
302 3020 0 0 0 0.9999523678495064 0.9999237890226277 0.9999339330513936 0.9999491239810585 0.9998868402765161 0.9996625452607132 0.9992304568557251 0.9983265173777515
303 3030 0 0 0 1.000082761310253 0.9999361373077447 0.9999118867828364 0.9999381396178905 0.9999508889836698 0.9999059482611391 0.9998306650107467 0.9995872278350871
304 3040 0 0 0 0.9999956751019047 0.9999428814801297 1.0000164099319 1.0000612025064626 1.000172051976126 1.0003241747505722 1.00060327769246 1.0011976575681243
305 3050 0 0 0 0.9999518269350783 0.9999389053301855 0.9999069548777296 0.9998672450739265 0.9998906467891832 0.999753048126637 0.9993536940221343 0.9989370439888038
306 3060 0 0 0 0.9999735512530301 1.0000370859043142 0.9999524214087909 1.0000285234075983 1.0001915368842869 1.0002213059984588 1.0003170039906577 1.0006909551225067
307 3070 0 0 0 0.9999268015667219 0.9999570452520631 0.9999576884452853 0.9999462086495617 0.9999424294658744 0.9998026565151646 0.9995588791527227 0.999122606662282
308 3080 0 0 0 0.9999443873449693 0.9999552516340292 0.9999915664597856 0.9999477342099842 1.0000291659213454 1.0000868162038192 1.000088863650966 1.000070935545153
309 3090 0 0 0 0.9999473453045339 0.9999840375053175 0.9999826103282865 0.999937991042172 1.0000047300446204 0.9999654078612209 0.9998945623667495 0.9996755352237267
310 3100 0 0 0 0.9999416406826271 1.0000043660658982 0.9999446863275682 0.9999186765635398 0.9998674829636205 0.9997313521271523 0.9994981465930435 0.9989346994831493
311 3110 0 0 0 0.9999406758954903 0.9999669302761892 0.9999899212445308 0.9999832056200809 0.9999785730377588 0.9999476277187791 0.999934721688042 0.999869777464859
312 3120 0 0 0 0.9999617610418043 0.9999755655800944 0.9999999739559007 0.9999765095445617 0.999992808284626 0.9999503898802554 0.9999416713686213 0.99984413539
313 3130 0 0 0 0.9999760206322071 0.9999935599799258 1.00004496111426 1.0000679486312463 1.0001515543216124 1.0002118192623675 1.0004425516674886 1.000771578955595
314 3140 0 0 0 0.9999903516414798 1.0000415067623056 1.0000442695143896 1.0000792405401344 1.0001378668570473 1.000238102852723 1.0004994471060293 1.0009001151832333
315 3150 0 0 0 0.9999789216529031 1.000006336426277 0.9999990575705952 1.0000509384241851 1.000101296824387 1.000212122572213 1.0004317880095424 1.0008019936429224
316 3160 0 0 0 0.9999890212007573 1.0000063706253417 1.000013685485784 1.000031212458104 1.000080754098467 1.0001382259153553 1.0002656048213838 1.000479292446202
317 3170 0 0 0 0.9999845317610356 1.0000035382638806 1.000017586269206 1.0000227585821593 1.0000413454338608 1.0000765097665936 1.0001741254994263 1.0003067796402152
318 3180 0 0 0 0.9999931061065591 0.9999938045136535 1.0000060350663924 1.0000324386122819 1.0000773896224513 1.0001608147754502 1.0003574730507028 1.0006833796651666
319 3190 0 0 0 0.9999921135215365 0.9999919352434729 0.9999948951503667 1.0000439737976736 1.0000724018514808 1.0001671675750645 1.0003502722288888 1.0006790860817307
320 3200 0 0 0 0.9999954150820531 0.9999901768591021 0.9999896016469898 1.0000134464918344 1.0000191141371233 1.0000531226081886 1.0001070436814816 1.000193893219224
321 3210 0 0 0 1.0000041474793138 0.9999996609471448 0.9999818657035905 0.9999931838534356 0.9999870604073307 0.9999780395469131 0.9999823946578543 0.9999650730689446
322 3220 0 0 0 1.0000003192860794 0.9999935721385325 0.9999734659557739 0.9999845716290706 0.9999524184175114 0.9999170315096828 0.999861483579695 0.9997267477281533
323 3230 0 0 0 1.0000029649061772 0.999998141622158 0.9999927619119073 1.0000062533920981 1.0000088995479386 1.0000172095061415 1.000062523571191 1.0001311014901235
324 3240 0 0 0 1.0000058635803926 1.0000063055523152 1.0000033015694043 1.0000053002768494 1.000005720535992 1.0000050874541637 1.0000205716773056 1.0000629280397704
325 3250 0 0 0 0.999994481957383 1.0000096733465857 1.0000095239666311 1.0000144227851253 1.0000188209825838 1.0000495728347674 1.0001186006573481 1.0002405419067113
326 3260 0 0 0 1.0000025757814393 1.0000116628124605 1.0000231594274311 1.0000326758468312 1.0000664459996682 1.0001344091112692 1.0002712778961205 1.0005505574750353
327 3270 0 0 0 1.0000066261257763 1.0000038209106468 1.0000109854504287 1.0000133160887663 1.0000169918647122 1.0000274673871326 1.0000482420351506 1.0001059115899562
328 3280 0 0 0 0.9999987747280497 0.9999986742972256 1.0000058465483912 1.0000080194770598 1.0000042356593792 1.000003853208397 1.0000167136962892 1.0000450981233782
329 3290 0 0 0 0.9999955576925215 0.9999986285212301 1.0000042332573436 1.0000032143534736 0.999989134103112 0.9999791069609304 0.9999640856728373 0.9999262586975376
330 3300 0 0 0 0.9999934307541228 0.9999948747120704 0.9999981396611816 0.9999997265783838 0.9999898411120933 0.9999821288421813 0.9999598677214548 0.9999189043527007
331 3310 0 0 0 0.9999982150839772 0.9999916362116951 0.9999925267970025 0.999985346382973 0.9999708357215373 0.9999449247506328 0.9998855710577367 0.9997829834067522
332 3320 0 0 0 0.9999947316587107 0.9999973077694458 1.0000013212919339 0.999996903644756 0.9999910743685408 0.9999855065381205 0.9999631124084906 0.9999189328781666
333 3330 0 0 0 0.999999219455817 0.9999980270876809 1.000004188320321 1.00000047277871 1.000000384601698 1.0000008017052502 0.9999953305446699 0.9999938995627277
334 3340 0 0 0 1.0000014422596581 0.9999966401227879 1.0000022743077293 1.0000005800779266 1.0000023983589006 1.0000078697369088 1.000010683959334 1.0000204615081345
335 3350 0 0 0 1.0000022349739512 1.0000007033277107 1.0000040062298077 1.0000017698976138 1.0000012778051928 1.0000007546917937 1.0000074246670287 1.0000088062856376
336 3360 0 0 0 1.0000005848601514 0.9999999935105548 1.0000015420876898 1.0000013325214998 0.9999996882216552 0.9999945719945291 0.9999898425186295 0.999979740064971
337 3370 0 0 0 0.9999998363939948 1.0000006909325385 0.9999983617996705 0.999998127357317 0.9999935929887154 0.9999862048873408 0.9999729913490998 0.9999448765216205
338 3380 0 0 0 0.999999654594696 1.000002579289714 1.0000018555741785 1.0000030848075925 1.0000042404273053 1.0000056316446841 1.000010234532421 1.0000189292145778
339 3390 0 0 0 1.0000008125892978 1.000000753824024 0.9999996005696494 1.000000254446299 1.00000185079914 1.000001233744055 0.999999799227753 0.9999980755801982
340 3400 0 0 0 1.0000011441107544 0.999999459628232 1.000000296734461 1.0000032874439335 1.0000059977270088 1.0000104875206695 1.0000175689715003 1.0000355500963822
341 3410 0 0 0 1.0000001494164652 0.9999997742935282 0.9999983788421674 1.0000011174851517 1.000003986037929 1.0000071551831138 1.0000146041542342 1.0000266177198658
342 3420 0 0 0 0.9999997030135142 0.9999996598959726 0.9999994500845866 0.9999998176261188 1.0000017392084566 1.0000036530056482 1.0000080918049967 1.0000135897418716
343 3430 0 0 0 1.0000001932209663 0.9999986386656232 0.9999969831748681 0.9999973610845297 0.9999986742837556 1.000000182944874 0.9999999154127386 0.9999994651444776
344 3440 0 0 0 1.0000005167193675 0.9999980472073149 0.9999976446809625 0.9999974925858695 0.9999979680562463 0.9999974191320222 0.999993989908839 0.9999886900678356
345 3450 0 0 0 1.000000183030012 0.999997416226807 0.9999979850418727 0.9999976282655944 0.9999977248857693 0.9999947050752395 0.9999878892598116 0.9999771787113398
346 3460 0 0 0 1.000000365391677 0.9999984209040894 0.9999994217102764 0.9999983457482455 1.000000275179522 1.0000012330519081 1.0000027846330408 1.0000048440472507
347 3470 0 0 0 1.0000001743536755 0.9999990014520477 1.0000001165319743 0.9999992728655537 1.0000011792480374 1.000003782478632 1.0000070013108742 1.0000157105073466
348 3480 0 0 0 1.0000003493875855 0.9999994115784149 0.9999994964956684 0.9999985643599956 0.9999990991613029 0.9999999643925106 1.0000013718396443 1.0000029344104924
349 3490 0 0 0 0.9999999956538904 0.9999989694554656 0.9999996508410011 0.9999976492744728 0.9999975030553532 0.9999966600819483 0.9999949541329829 0.9999903765234202
350 3500 0 0 0 1.0000002358500288 0.9999992029282342 0.9999997497245308 0.9999992383405363 0.9999990354395203 0.9999991120665443 1.0000004371753914 1.0000020548542032
351 3510 0 0 0 1.00000029880528 0.9999991131273495 0.9999995002037861 0.9999987290307633 0.9999983536320588 0.9999973316352739 0.9999953697975854 0.9999918901195747
352 3520 0 0 0 1.0000003695560697 0.9999994750415468 0.9999992698291036 0.9999987978730849 0.9999990656861476 0.9999989375075982 0.999998197893811 0.9999977375714666
353 3530 0 0 0 1.0000002234930445 1.0000000002008504 0.9999993509071924 0.9999986539382637 0.9999983968586609 0.9999976961556284 0.9999961882567562 0.9999931747785018
354 3540 0 0 0 1.0000007258985728 1.0000006044033813 1.0000003734422722 1.000000206732179 1.0000008471661976 1.000001947565836 1.0000045977408811 1.000008600819973
355 3550 0 0 0 1.0000007176567443 1.000000664377149 1.0000005604996958 1.000000570146979 1.0000014883484778 1.0000027834979122 1.0000053872559405 1.0000108209769853
356 3560 0 0 0 1.0000006167257385 1.0000003634506955 1.0000001475763163 1.0000003399737705 1.0000010279097282 1.0000020266660015 1.0000030960449988 1.0000065513960685
357 3570 0 0 0 1.0000005009268806 1.0000002837173065 0.9999997207949443 0.9999994843967985 0.9999990350201609 0.9999985820661298 0.9999968093669263 0.9999932951349003
358 3580 0 0 0 1.0000004772085795 1.0000004097297366 0.9999999777510106 0.9999998216767024 0.999999292984497 0.9999989828080194 0.9999986946580666 0.9999975430315031
359 3590 0 0 0 1.0000004571928087 1.0000003560591502 1.0000002784986888 1.0000000534184093 1.0000001141649402 0.9999999880671782 1.0000005925988393 1.0000008992736544
360 3600 0 0 0 1.000000344901264 1.0000002835106754 1.0000005780376677 1.0000003527037609 1.0000007135195035 1.0000015653451615 1.0000035606323219 1.0000069885303444
361 3610 0 0 0 1.000000163961865 1.0000001155182374 1.0000001728981576 0.9999999913324294 1.000000150787247 1.0000009088669097 1.000002390707457 1.0000050468651354
362 3620 0 0 0 1.0000000049224251 1.0000000212674205 0.9999998864265253 0.9999995626454691 0.999999378818954 0.9999990725880387 0.9999987186609175 0.9999980949291769
363 3630 0 0 0 1.0000001561031064 0.999999952099306 0.999999958112419 0.9999995484894195 0.999999555019921 0.9999990862342639 0.9999984491418014 0.9999973957374106
364 3640 0 0 0 1.0000001523425572 1.0000000962538567 0.9999999916427629 0.9999996264777424 0.9999998066945198 0.9999996307452768 0.9999992749570107 0.9999987343896897
365 3650 0 0 0 1.0000000119418102 1.0000000010937926 0.9999999686458996 0.9999996551510237 0.9999999417641553 1.0000003299387796 1.0000005287177094 1.0000012727383603
366 3660 0 0 0 0.9999999453329529 0.9999998956339002 0.9999999773359948 0.9999999553375539 1.0000002321873624 1.000001056703532 1.0000018189335218 1.000004021306323
367 3670 0 0 0 1.000000040729132 1.0000001056350019 1.0000001067010944 1.0000000364331738 1.0000002499643945 1.0000007232772388 1.0000010890595472 1.0000020456139431
368 3680 0 0 0 0.9999999813893076 1.0000001306373532 0.9999999202225078 0.9999997807977198 0.9999998180847792 0.9999997115812916 0.999999283025046 0.9999983735557235
369 3690 0 0 0 0.9999999582560464 0.9999999864693818 0.9999999926325446 0.99999992286947 0.9999998248912652 0.9999994897911518 0.9999986008938433 0.9999972640470866
370 3700 0 0 0 0.9999999633713148 0.9999999775426955 1.0000000455740903 1.0000001676238959 1.0000003229534407 1.000000504137284 1.0000006771282994 1.0000015462277552
371 3710 0 0 0 0.9999999701849759 1.000000057683931 1.000000168516929 1.0000003408139355 1.0000007528346655 1.0000016037544373 1.000003176948556 1.0000064978073517
372 3720 0 0 0 0.9999999953533093 1.000000050117713 1.0000001142400294 1.0000001360831632 1.000000439836739 1.00000088518844 1.0000016742786144 1.00000357246546
373 3730 0 0 0 0.9999999929739642 1.0000000006437144 0.9999999195436537 0.9999997544686332 0.9999997599131419 0.9999994880323027 0.9999988507752163 0.9999979986523632
374 3740 0 0 0 1.0000000181131359 0.9999999724600398 0.9999999647737887 0.9999997927092819 0.9999997401323422 0.9999994647649014 0.9999988580388773 0.9999978383765504
375 3750 0 0 0 0.9999999964038859 0.9999999930133786 0.999999973598334 0.999999955505423 0.999999983492759 0.9999999084001034 0.9999997669036017 0.9999994851886169
376 3760 0 0 0 0.9999999722991733 0.9999999786588147 0.9999998953110456 0.9999998718416098 0.9999999152701124 0.9999999661429276 0.9999999305074451 0.9999998886658874
377 3770 0 0 0 0.9999999718312169 1.0000000361859551 0.9999999684670641 0.9999999112772285 0.9999999216823883 0.9999998551325955 0.9999997976686608 0.9999995659451928
378 3780 0 0 0 1.000000036295635 0.9999999537117726 0.9999998812826728 0.999999821657525 0.9999997585307335 0.9999995679878639 0.9999990955596461 0.9999981651587889
379 3790 0 0 0 1.0000000429389317 1.0000000241357654 0.999999997298965 0.999999986329144 1.0000000602555015 1.0000000539332274 1.0000001042119946 1.0000001265470784
380 3800 0 0 0 1.0000000142962011 1.0000000440372023 1.0000000376845788 1.000000018930909 1.0000000434046241 1.000000095884899 1.000000226111867 1.0000004227416757
381 3810 0 0 0 1.0000000083088203 0.999999995938638 0.9999999709762187 0.9999999223615509 0.9999999018347733 0.9999998610156318 0.9999996696448967 0.999999318282618
382 3820 0 0 0 0.9999999769732792 0.9999999627864145 0.9999999453264264 0.9999999612388075 0.9999999347950578 0.9999998672370095 0.9999997023619139 0.9999993923775001
383 3830 0 0 0 0.999999980652966 0.9999999903770161 0.9999999624161044 0.9999999741083719 0.9999999414951992 0.9999998330642615 0.9999996441578773 0.9999993006623036
384 3840 0 0 0 1.000000000466393 0.9999999685277927 0.9999999896806859 0.9999999977369656 0.9999999926661539 0.9999999172847293 0.9999997745805057 0.9999995557151198
385 3850 0 0 0 1.0000000068796113 0.9999999596959451 0.9999999783809979 0.999999968552296 0.9999999350098262 0.9999998557706572 0.999999709351006 0.9999994086302398
386 3860 0 0 0 0.9999999870114872 0.9999999541195599 1.0000000043609165 1.000000028420562 1.0000000668501678 1.0000001541765349 1.000000324060185 1.000000683836912
387 3870 0 0 0 1.0000000064208256 0.9999999580480046 0.9999999830006773 0.9999999586044689 0.9999999657031438 0.9999999125965007 0.9999998529596549 0.9999996969682792
388 3880 0 0 0 1.0000000244388232 0.9999999884468656 0.9999999892095665 0.9999999488603516 0.9999999065037569 0.9999997967812005 0.9999996043938724 0.9999992216847498
389 3890 0 0 0 1.000000017924564 0.9999999800240592 0.9999999659729545 0.9999999164456208 0.9999998871081729 0.9999997738429219 0.9999995674332544 0.9999991297015683
390 3900 0 0 0 1.000000014769465 0.999999988040515 0.9999999750734403 0.9999999294760428 0.9999998836532753 0.9999997890666839 0.9999996183014054 0.9999992270817093
391 3910 0 0 0 1.0000000160235971 1.0000000067807304 0.9999999973968561 0.9999999613552628 0.9999999402079764 0.9999999114368087 0.9999998427887387 0.9999996806529521
392 3920 0 0 0 1.0000000180242663 1.0000000027083047 0.9999999885507086 0.9999999887343931 0.9999999723982348 0.999999934470752 0.9999998802374028 0.9999997195417873
393 3930 0 0 0 1.0000000137079312 0.9999999960808974 0.9999999824262817 0.9999999939974953 0.9999999901208118 1.000000009181091 1.0000000005998042 0.9999999962211329
394 3940 0 0 0 1.0000000044292392 0.9999999990548037 1.0000000004440732 1.000000007036039 1.0000000164381995 1.0000000484420235 1.000000097433561 1.000000208968413
395 3950 0 0 0 0.9999999958659621 0.9999999975742058 0.9999999980607613 0.9999999870322697 0.9999999809065041 0.9999999801809776 0.9999999566428782 0.9999999297251146
396 3960 0 0 0 1.0000000013172914 1.0000000016817783 1.0000000037799368 1.000000005509808 0.9999999999958306 0.9999999813419875 0.9999999501562072 0.999999897401483
397 3970 0 0 0 1.0000000084653171 1.000000010575414 1.0000000087393093 1.0000000121758812 1.0000000155581423 1.0000000217027532 1.0000000372567814 1.0000000641186761
398 3980 0 0 0 1.0000000100819564 1.000000004350843 1.0000000039046535 0.9999999915443805 0.9999999912294649 0.9999999789853292 0.9999999516657382 0.9999999073581245
399 3990 0 0 0 0.9999999977006566 0.9999999987921478 0.9999999987122118 0.9999999939249957 0.9999999922271966 0.9999999859903514 0.9999999747175057 0.9999999445459704
400 4000 0 0 0 1.0000000029716891 1.0000000038978956 1.000000007574708 0.9999999929405543 0.9999999893541466 0.9999999879773765 0.999999968120782 0.9999999408076793
401 4010 0 0 0 1.0000000025058444 1.0000000026855012 1.0000000102350395 1.000000005847059 1.000000013203984 1.0000000344493645 1.0000000661337274 1.0000001350247774
402 4020 0 0 0 0.9999999999308833 1.0000000028074243 1.0000000070195962 0.999999994971387 1.0000000025534435 1.0000000071206356 1.0000000184324174 1.000000048620895
403 4030 0 0 0 1.000000000900517 1.0000000025607954 0.9999999968703565 0.9999999861506851 0.9999999919209805 0.9999999810965834 0.9999999653371446 0.9999999383021847
404 4040 0 0 0 1.0000000066523085 1.0000000083803835 1.0000000065034467 1.0000000075112383 1.0000000195195813 1.0000000280618446 1.0000000565738714 1.0000001103692706
405 4050 0 0 0 1.0000000051342042 1.0000000103229083 1.0000000057442398 1.0000000020065967 1.0000000037160288 1.0000000033357173 1.0000000104689266 1.000000023843927
406 4060 0 0 0 1.0000000074775541 1.0000000088213143 1.0000000075536506 1.0000000059966787 1.000000007321559 1.000000009000436 1.0000000173737127 1.0000000358094532
407 4070 0 0 0 1.0000000029680594 1.0000000032571146 1.0000000036451766 1.0000000013694748 0.9999999973371425 0.9999999973950601 0.9999999887459855 0.9999999788544875
408 4080 0 0 0 1.0000000032488496 1.0000000050645896 1.0000000051413338 1.0000000024595797 1.000000004372175 1.0000000089142849 1.0000000155729734 1.0000000324410765
409 4090 0 0 0 1.0000000041783184 1.0000000035308227 1.000000003736152 1.0000000043460169 1.0000000044884454 1.0000000098363329 1.000000017780834 1.0000000374722458
410 4100 0 0 0 1.0000000033979715 1.0000000040527297 1.0000000024260616 1.0000000012592045 1.0000000052323754 1.0000000108558742 1.0000000201801127 1.000000034588292
411 4110 0 0 0 1.000000002542875 1.0000000017787625 1.0000000035732015 1.0000000035090943 1.000000005260299 1.0000000092163488 1.000000013793801 1.0000000274342866
412 4120 0 0 0 1.0000000020658273 1.0000000020186592 1.00000000219871 0.9999999983910512 0.9999999956404492 0.9999999932431967 0.9999999856311111 0.9999999721373122
412 4120 0 0 0 1.0000000020658273 1.0000000020186592 1.00000000219871 0.9999999983910512 0.9999999956404492 0.9999999932431967 0.9999999856311111 0.9999999721373122
