% # columns="iter, evals, sigma, 0, fitness, xbest" seed=799291, Sat Mar 22 10:12:56 2025, <python>{}</python>
1 10 0.4247371080455514 0 96.74664822014923 -0.35186002266098626 -0.00022534149652517183 0.06780061345843057 -0.32327817962203637 -0.3774839750358077 0.08945048630282469 0.3447232747085272 -0.5179010456066498
2 20 0.3825563865160106 0 66.7341244306962 0.4211869124997174 0.5699150538126508 -0.06426006147596663 -0.42227226821809905 0.08755811629860616 -0.24026855436683892 0.06079148765028597 -0.1989896381505169
3 30 0.3637773808325411 0 58.13062689886471 -0.057469207469041106 -0.22969087987856346 0.103937412099003 -0.22769434857102333 0.2903667953227243 -0.1328669598724433 0.5589994836402984 0.3469018015627394
4 40 0.3446554484624072 0 82.08905809419099 0.7808432139414686 -0.1421184308393098 0.2840392677993754 0.4091446651257279 0.13463365318551798 -0.0760023263326087 0.04343184868178068 0.13003762663771942
5 50 0.3089432447833964 0 60.26981972828106 0.42142299016322293 -0.3936911333699171 0.33868791034715995 0.11428682784221167 0.32691328798359953 -0.13977592002027425 0.04102277488414481 0.14686016857349132
6 60 0.28338637583891485 0 31.661737646053343 0.23619532851926825 0.19693898555341754 0.16196584977574083 -0.05080686789754581 0.18726194055168968 -0.24958170735600674 -0.1337915626988646 0.255770205241267
7 70 0.25249040163187264 0 21.168896837787397 0.17609765639144104 -0.05485889443809001 0.1244232693947109 -0.2072657444802353 0.26787353731223 -0.05396835803925115 -0.0021244471504047596 0.08289965801780341
8 80 0.2312102683192237 0 18.458887078630223 0.3900793172893461 0.09462682132255754 0.07667521406384195 0.20852594227013171 -0.03935315541679843 -0.13182153124506446 0.1896515091165848 -0.12027791576454128
9 90 0.20551216532725494 0 15.003064676979537 0.24647871364364482 0.08184086582261316 0.0833503587118065 -0.07325393631169641 -0.0649973632313172 0.05183818353405903 0.21459354812255832 -0.11087458332503558
10 100 0.18278168796853864 0 13.52391449829878 0.20495913843277602 0.02243029214365289 -0.17436658328432877 -0.006525138291378867 0.1394658040027405 0.016182284773290666 0.04267829791414657 -0.12314091556841383
11 110 0.16024545587210767 0 21.16607291696538 0.00749974489461494 0.17251308729237552 0.026064428704998845 0.1579847957667101 -0.08102878390676733 -0.14904534955192572 -0.14530606872566115 -0.12845037272788756
12 120 0.1506959930571934 0 8.749332688309044 0.08895261193568917 -0.020176934294312707 0.0849363327440789 0.03257940297378911 0.04054263906596373 0.0008553189850146053 0.10706913054160072 -0.03639878622129428
13 130 0.13761252930317658 0 9.738355556939656 0.2597700032241576 0.13636042779791355 0.010001564657422732 0.07831747268474921 0.15213323879486684 -0.016775631288904753 0.07703563583548691 -0.013216391013347078
14 140 0.13247877440972788 0 10.772378635773157 0.2589192850703718 0.03129507330577284 -0.1308711769258815 -0.06797894196086554 -0.04534079802376152 0.0009870624832286736 0.09448311637966987 0.056008477484543795
15 150 0.1273850421465414 0 15.697017362118029 0.04374889555804834 -0.018037644144719527 -0.0035685218630557014 -0.06529019479609942 -0.12246166537063159 -0.04897538682578968 0.20240466087581527 0.18672815399065834
16 160 0.11601667419402749 0 9.175336444908918 0.1086788700033548 0.09693697499770136 0.02794942161637832 -0.06777150801412672 -0.007092065855341884 -0.08293496722376842 0.03420005288232053 0.060719919163538055
17 170 0.10546481044898862 0 11.09178156444903 0.2677039215982385 0.08665314601095085 0.1199311042032856 0.04939979327406922 -0.12908172528365838 0.06011819641318161 0.10608271526400836 0.09541314974924522
18 180 0.09751374828009653 0 9.063703143807896 0.370740292143998 0.05802404650329943 0.13636333491055305 -0.04547553439876943 -0.004209963512407235 0.008243758253151 0.0014807577498330282 -0.036251041914530074
19 190 0.08751514334582454 0 7.932812046560397 0.18689815772321844 0.05865071224513577 -0.013291394611795182 0.06614432133756298 -0.009227827712166525 -0.05299849298240267 0.003530133459216017 0.07394630283761737
20 200 0.07933714804354637 0 7.748499909395133 0.15532826754145998 0.03012137079842686 0.009098891966347375 0.024989075299298488 0.09127673686573458 -0.04043934226654647 0.002896340539234519 -0.035655104644662594
21 210 0.07240821929836938 0 7.727726169210685 0.2359398501138835 0.0644974805747687 0.07425093880212724 0.021579918943553263 0.06565108961093293 0.017953830995222388 -0.06666420688272998 -0.020481137041760158
22 220 0.06730643260814927 0 6.654453547742341 0.32098031925564785 0.0967118051145446 0.06483165113204005 0.04130722259756259 0.021266172247272674 -0.006097249559264934 -0.016470290340361078 0.025013071905005974
23 230 0.06693952226904523 0 7.260787596058445 0.36219313855660024 0.08740912105631801 0.019528643191992694 0.04178000685893825 0.07172303248683556 0.05230162289382621 2.226749142037604e-05 -0.05403042766934256
24 240 0.06104922323309616 0 7.302079673414809 0.34655694003050563 0.11135981561992214 0.08607849020483956 -0.002633688995298984 0.037717923786090006 0.032319809131952155 0.020741317083759855 -0.07615354196778225
25 250 0.05521251755791745 0 6.976791195549323 0.32039712705778767 0.10968184735801445 0.05788671645870145 0.06520448856497803 0.05424068859712594 -0.020121391933410893 0.0030205885035615235 -0.03607311597043844
26 260 0.05132815552788674 0 6.406145849198587 0.37115486089574456 0.10393922552141435 0.0073638602140119885 0.0178449523746392 0.009027362653300161 -0.01878432223903389 0.0037559999468988903 -0.02319015435445626
27 270 0.050177180769039764 0 6.901208748107909 0.3856042682668431 0.1628984841046931 0.04575481433244535 0.09742173013611277 0.018657449983981684 -0.0301169441825019 -0.0009350100251198613 0.006548944688571853
28 280 0.04584861180632229 0 6.722192313569492 0.34031852717988664 0.08511605103529833 -0.0009273298989622876 0.014592038591665586 -0.040196640513533416 0.011500863798159663 -0.015972517012163127 -0.025152191765420856
29 290 0.0469599558944455 0 6.393656128971649 0.3701848615302523 0.14628871682552302 0.016232881991563964 0.03168841470937712 -0.020173722498851035 0.049743632259654585 0.014153537179039588 -0.01856738365128591
30 300 0.04270185201161679 0 6.343784729831195 0.36085621010057867 0.14819559280930478 0.049820562943725694 0.05369480733091737 0.0008616705212455139 0.025464224331633978 0.01648682793726669 -0.018041932589212425
31 310 0.03963048751103523 0 6.4276409976244 0.34366621190574664 0.1220583974181722 0.03894588501132697 0.047945718481189906 0.0006887285541666904 0.037437287358556504 0.009589850909082362 0.02615344385088137
32 320 0.036248735104606966 0 6.3532510009245655 0.33639938549716536 0.11394453717753283 0.01819828748075825 -0.0010864112610007616 -0.0147043282936115 0.03384442357071972 0.009822921437356733 -0.026908730141984683
33 330 0.03446966493812636 0 6.474687295385204 0.33617287142128643 0.09540917587580078 0.027223952273069653 -0.0015542308271844084 0.00262306303045896 0.04337759616001172 -0.00986877160346705 -0.02629644736476378
34 340 0.03494212116598465 0 6.273373383977697 0.3762238229665126 0.1460386095444017 0.048847238271839497 0.007594506865935461 0.01940086222854716 0.0034898739601923606 -0.01638438162099595 -0.03607499984672125
35 350 0.03334288039820641 0 6.229692455359442 0.3838852002657881 0.15269788348541388 0.02331687023423059 0.029197073864442 0.004453411225574118 0.027716664815254147 -0.008246679145084077 -0.03335638605950993
36 360 0.031518053970652764 0 6.227735594787282 0.3552915211308112 0.13592324152595164 0.045742508059152406 0.01586971787050151 0.009230553867739926 0.022965694578614346 0.00658627279046911 -0.031011156058899893
37 370 0.030142365633497568 0 6.0325880325531855 0.42136268301651275 0.18167330480443805 0.05312004360223614 0.019741309422962962 -0.007240181901683419 0.020138146041349256 -0.011623546693190037 -0.020150176634982208
38 380 0.029037334034778726 0 6.116421483898548 0.3908503059893299 0.14727728226139278 0.031123643792263185 0.025130069668245384 0.001205370395776991 0.010485746036042852 -0.017375154139952095 -0.007090140772099495
39 390 0.028594966640451795 0 6.0419518919270025 0.400933459879466 0.17492184873832933 0.03637859237343216 0.015197929907434994 -0.005424377306263288 0.0010541286061540554 -0.012175447910172601 0.010064162173740062
40 400 0.029114405682080312 0 5.953207803647084 0.45714339031514234 0.19115365121841896 0.06537234573483611 0.02241853392350828 -0.002962645850375125 0.01157956452742581 -0.009110951257420919 0.005471278574243568
41 410 0.030875603137066544 0 5.885338212697135 0.4450742177223668 0.19936394013133568 0.0418262248801307 0.014893758900115966 -0.006518114517733145 -0.005843484048772816 0.0016235536718577654 0.001263524072511576
42 420 0.029762792100216828 0 5.883803473493455 0.46630543404328534 0.20810867158098725 0.06041240223898156 0.019864175102801813 -0.018167379410257395 0.019905824451596655 0.01710426556627408 0.001359902483015887
43 430 0.028746243687863018 0 5.8659262427517485 0.4398670489028207 0.19145993295235078 0.05186849346141846 0.000938081565767409 0.0019517855941415321 0.010186374806840443 0.013190041991348675 -9.726582237556192e-05
44 440 0.030747138350016755 0 5.872261507609821 0.48437897857722023 0.2386871649903684 0.04529734296109787 0.021022314707247428 0.0418492371750682 0.01823881539627155 0.022513609396818623 -0.013793251013804745
45 450 0.03297924908970877 0 5.787068099373589 0.47458164698054495 0.23558293714611195 0.06402406736750874 -0.001102847012197464 0.021872963256771225 0.02666328141631419 0.017073390647214515 -0.011658232014547697
46 460 0.032434742558283394 0 5.741774457591225 0.4731946043832187 0.23596720101421018 0.06984533522813693 0.017582661903954317 0.011270289935872755 0.006167507038323836 0.017966779815789504 0.015139228149565448
47 470 0.03264348097388049 0 5.7068760512449845 0.5014945582652048 0.26986344077977825 0.07733384281245922 0.033278073091151994 0.01883696846842 0.019458464454190874 -0.007483337915991236 -0.012533352012725475
48 480 0.033552660707253865 0 5.74294795953673 0.5276653647573983 0.2779008755865233 0.07068603447138697 0.013235935752157053 0.024932588019545773 -0.01413341776467965 -0.0020357209846137876 0.02883691343069735
49 490 0.03761308219454886 0 5.513554045983718 0.5849304226208819 0.31555364677840647 0.11031592123579756 0.02321775139298943 0.022872624432636525 0.004846854306221386 0.026448013871327523 0.014201665632034271
50 500 0.04175957016522319 0 5.389130125358058 0.6334027804913249 0.382276726917211 0.13206053905549536 0.027331159063669452 0.02309945637163119 0.01649976583904518 0.04162431218783566 0.0164992979036535
51 510 0.042547114227511465 0 5.369259874848474 0.5955696716904724 0.33829043693025 0.12110781550576005 0.025494912142780463 0.002945857564038229 0.022142909234175154 -0.0007845685952221973 0.0032317021522658747
52 520 0.03916605184320896 0 5.55138885113948 0.5880083878414126 0.32161137302846826 0.08991583771675633 0.030232593042739068 -0.0020960373937348627 0.010438671236198755 0.007245966329054847 -0.020257812081003187
53 530 0.037536140625394336 0 5.362098245004862 0.5990876446914492 0.3482463413906897 0.12033552447405997 0.03682304134463531 0.0032605171637607793 0.01053802649557944 0.029779588752619317 -0.0010521093196943793
54 540 0.03357430930544577 0 5.387033119895213 0.6133711420838234 0.35418959227757507 0.14725864929697502 0.01451599220509179 -0.01071402233427805 0.009507452826900145 0.018470008972986056 0.002139923918593153
55 550 0.03224743651131617 0 5.184736429092401 0.6176883896817021 0.3788150325102279 0.1482405665279266 0.024249143924009627 0.00998162998800284 0.007724958775513512 0.005664510756015371 -0.0019298902699883755
56 560 0.03320799825658017 0 5.148627691524087 0.6801951555492398 0.44291399326204584 0.17506420260171118 0.03415102508471511 0.00016323617782687365 0.018387595872247992 0.015709262321630234 -0.021713356761013648
57 570 0.036169402533579545 0 5.309061909458825 0.6898698369148853 0.4573237081137222 0.1701247987711448 0.034852364094335495 -0.004579756862870139 0.041861016988362074 0.016367724175368494 0.011811896495069984
58 580 0.038558435142759556 0 5.176657872386772 0.6789171919662613 0.4329476323279548 0.18385715928560661 0.05436176327055399 0.024149945512000007 0.03574741904045129 0.0034387048112580858 0.016014668810477115
59 590 0.03674017576841309 0 5.327247340940964 0.6599046141969213 0.4189239761822247 0.18901727484829922 0.06818890640343833 0.01652970625996496 0.05582579910681238 0.025426153023099734 0.01327876135544668
60 600 0.03345166437676558 0 5.167867262138901 0.6505566309483777 0.40708605048116864 0.1657596367964296 0.03517976847909182 0.003115946603393152 0.014716393931639576 0.027409890752535825 0.01777324154666161
61 610 0.030573913701526394 0 5.05332055096592 0.6506087253453765 0.4189234004121583 0.18394801001228267 0.041369082651771354 0.015375897537723587 0.02084095730242702 0.02229421419330594 -0.002504113172561599
62 620 0.03130815602682971 0 5.041038250048987 0.7172791774504236 0.49541901754614437 0.21065645572511785 0.059024558257983153 0.008143222180699922 0.030433893387881106 0.0070688336042373425 0.010669931296883565
63 630 0.03242435671672741 0 5.120761912789088 0.706976255925209 0.4779387456936373 0.19749218043951458 0.03771938421122831 0.007683476754560645 0.007200379742054938 -0.01210759856046507 -0.01721086528319542
64 640 0.02887956568493858 0 5.042983483891391 0.6864107771496174 0.4588927719598134 0.18917376715293238 0.05271956300852871 0.012844743840854909 0.027595163824424968 0.001577089782885688 0.007200368421707013
65 650 0.028404627614579396 0 4.989050793367019 0.6966905072900993 0.5051635670129725 0.23240267040521725 0.05741153759029047 0.019598505693299635 0.04043787340395635 -0.0009732579493857505 0.010344412624272752
66 660 0.02591860874068902 0 5.007572123536658 0.6930605788940464 0.4684293496184883 0.2103626821812313 0.040060307204164695 0.017644923387578813 0.030816991422110585 -0.009096116901911262 0.010156588285016435
67 670 0.023405028722443474 0 4.903320208764134 0.6991131692330825 0.48660341117504136 0.22135779240690767 0.05477080584929642 0.007119126121875458 0.02380762352333348 -0.006512652326167165 0.00834937146629041
68 680 0.02163518022787365 0 4.886348128894902 0.683578447880927 0.46386334130165924 0.21093751330180924 0.05413229033881692 0.006845277792519653 0.013610411916886403 0.009112705534569407 -0.0012341600434274086
69 690 0.02016959047337666 0 4.8784153076555405 0.7029463604833105 0.4922185996776401 0.2228304819726274 0.055383554964577884 0.007608073780007228 0.021554345715097387 0.006673295294507714 -0.011592726439553683
70 700 0.019883465012341547 0 4.860606930218892 0.7221184299687012 0.5235429356697227 0.2476258588926221 0.05798279952967392 0.021030535341283213 0.03450723628019959 0.011629458693922855 -0.0074159187712507174
71 710 0.02074184339500144 0 4.762808987716009 0.734492584048038 0.5303095437279631 0.25631503290502194 0.06831693249896427 0.01088548843385621 0.01874824733113086 0.00023052551199102562 -0.0011275569728410712
72 720 0.024600168056771326 0 4.8106579920602135 0.6995417999086777 0.49949451128740924 0.24125498230180775 0.06840893116052271 0.02894012524252296 0.00027607831943757266 0.0013814395037139511 -0.0010992718399654862
73 730 0.030295372630913944 0 4.716319229211312 0.729994758953735 0.533859619029694 0.27119356910842946 0.09173167642595861 0.039689623372778 0.010145024076241032 -0.0010311064890596447 0.009176168989010738
74 740 0.035617753305817484 0 4.713442136130136 0.7719482347367683 0.5810981905646316 0.3070347991253532 0.08514188983837655 0.029147010975375084 0.023784936298731078 -0.010914172757378666 0.011703578982387384
75 750 0.04009659629248291 0 4.553619044894902 0.747150792626002 0.5620220879488187 0.31575573395985623 0.09804945151883686 0.028093547219830383 0.019772306232999862 -0.005660847414385351 0.015458282819978155
76 760 0.0382844147828375 0 4.600683772602472 0.7430608593450545 0.5616345049673074 0.313698263709792 0.0859166624363788 0.029363588755308465 0.025651094008589684 -0.0034544217150024306 -0.0033861826161916183
77 770 0.03939249703074025 0 4.5637552786745825 0.7730239618790151 0.6019822748219408 0.34574891840550565 0.0974557058218672 0.03267858774391527 0.016063642784909456 -0.01150454868463941 0.01268078590720347
78 780 0.0410121851265094 0 4.563727165229986 0.7986563245345429 0.6341890650953049 0.3611692809030532 0.12373172568886677 0.02650169673538612 0.017228200744716787 -0.01875101249368296 0.011188711278506625
79 790 0.043866042478932867 0 4.471971873990915 0.8141558102987494 0.6329029571522568 0.37791567030387213 0.1254243457057017 0.022446063139611613 -0.0048952191803990405 9.131170297177818e-05 -0.008299079192036644
80 800 0.046736639866973156 0 4.4304906965692235 0.8241572238556641 0.6601698783406208 0.40505389405879577 0.13241093142064528 0.026008696353475056 0.015835794938577258 0.014470915631555238 -0.008317460987572849
81 810 0.04934972569996117 0 4.341417840834777 0.7991386869884043 0.6335553766603821 0.4088587483126964 0.1530663537063646 0.004897165548501763 0.011966682526355549 0.030279747568852124 -0.015145713889012657
82 820 0.052210081216210444 0 4.420869528764923 0.7880850575165639 0.632330673201092 0.4153570047248057 0.150513916352743 0.020620495437969 -0.02839778607909424 0.007500306467582503 0.004921896503843314
83 830 0.053943947980264036 0 4.288557798820497 0.8183861937330943 0.6745211984907905 0.4165726249482955 0.18271636773774236 0.023831300050450026 0.0035763962382492354 -0.007201022628804558 0.00878870549279113
84 840 0.05645974356989143 0 4.225158054916058 0.8421437428389892 0.7067451656300916 0.4751909856539643 0.19778863924486104 0.0176382451024606 0.018007714106937998 -0.008630292502375786 -0.015726760045690447
85 850 0.05875926884559174 0 4.166861765727864 0.8599060332169532 0.7100076140930645 0.48034179265965304 0.21040713388104143 0.04680666662188909 -0.005895366647334158 0.002241121574347818 -0.024821522133249816
86 860 0.05503637953075689 0 4.218964772787689 0.7968516985693126 0.6339562184511526 0.40436216812124526 0.1579505629849902 0.054237544731288445 0.0190573614572789 -0.0027369884358257757 0.0034171312208539015
87 870 0.050330143413503885 0 4.108090891513548 0.8475083063935605 0.7105639480323216 0.4720110626477361 0.2042958899217088 0.02986301509357772 0.013339627786589392 0.010521393187362078 -0.008128168958703875
88 880 0.043886563096514675 0 4.164260553211134 0.8453289175453397 0.7143827074910261 0.47954477101098464 0.21231839118945975 0.022702011449618774 0.01754730694781506 0.0011937618087393635 -0.021059524677904423
89 890 0.041514841427875766 0 4.027223216463183 0.8194383321267109 0.6726321255633941 0.45752490863944745 0.2068631448085992 0.036110401062684525 0.019208212912557487 0.013072336322985996 -0.02057817540591796
90 900 0.04166303412658858 0 3.9786761375457873 0.8477409386805785 0.704654891794716 0.4720219658032229 0.21419223619796518 0.064539399629994 0.015039732506282604 0.009072754233214592 -0.005586658546937441
91 910 0.047485434834636665 0 4.003360598227561 0.8341075143853061 0.6876065049914901 0.48619189539627666 0.2493691945013831 0.07923824129833629 0.019697315607857032 0.02628008967280972 -0.03650501566473868
92 920 0.05637187597534709 0 3.8827620986315328 0.8634050044319687 0.7261657852650997 0.5026254580165986 0.280068087224877 0.09394006266090026 0.024896921603993694 -0.008286013381931953 0.006179147157764461
93 930 0.058089654558186904 0 4.055937693383182 0.8166111437037895 0.6784632084849885 0.461139458903182 0.23823624670328133 0.07457687042851852 0.047967882986425 0.004902509127070293 0.00634683253579257
94 940 0.056184838745806126 0 3.926599804034451 0.8472540603300994 0.7313781704066529 0.5279795259872212 0.28685290915388006 0.04660931373509449 0.021358667638019645 0.016805711231737977 0.021698900891946375
95 950 0.053939712098157955 0 3.903988093727968 0.8194225829063696 0.708993499279754 0.5054380147001932 0.26246445869579044 0.08705704934844435 0.027221195344345875 0.000284955717359512 -0.0027362218006757952
96 960 0.05644263080912553 0 3.5455247551531954 0.8701494276981524 0.7610921568353322 0.5690728174160612 0.3261986043530575 0.10372339561756841 0.025607012846352504 0.020517740920817474 -0.02080234581662858
97 970 0.057302296193853096 0 3.6858514421518045 0.8585038815821974 0.752340427035134 0.5785246704024841 0.3224880942170056 0.07874574232630101 0.01950429185800074 0.0126656820550399 0.018154397262834982
98 980 0.05666447846415743 0 3.568298456232747 0.8899344592146283 0.7978857553226303 0.6145166217093674 0.3635710494127614 0.10439374822459364 0.013875405998912106 -0.008928953901260143 -0.010242237572239011
99 990 0.05030773238790627 0 3.699952814283024 0.8443513736249468 0.7357420493254867 0.5343595245225354 0.3008228332038298 0.0938627453067709 0.036740186987561846 0.013799189965440349 0.006353325710951915
100 1000 0.04735288473732209 0 3.546688411652493 0.8782499980079194 0.7763606086141295 0.5839289671347035 0.3277483632470757 0.09817505350157643 0.031474351607358696 0.018073623597576756 0.002558779094001309
101 1010 0.043743983420239926 0 3.5223066551459863 0.8686249297409054 0.7641446980676075 0.5904305061157052 0.32891114346400985 0.10256720887777163 0.02085274691550618 0.01393474720503412 -0.010049895122489721
102 1020 0.039526774413010675 0 3.520268908880187 0.8936392697108593 0.7909387159544654 0.6005535894564893 0.3385838697736338 0.1126020571934972 0.022021534195186036 0.01711718956686926 0.006754493698182
103 1030 0.03581361788586193 0 3.5309864213043003 0.8649375807641834 0.7612784644592439 0.575888019033051 0.3243297477674726 0.10177952379440698 0.007979618437413618 0.017877687964327996 0.008325659434706822
104 1040 0.031663020530059316 0 3.4952266786267097 0.8677261774168221 0.7643194220831699 0.570669839973832 0.3359221305463548 0.10857967784183048 0.01927449497631404 0.013878064681362242 0.0026274681996833007
105 1050 0.02890252542798805 0 3.4808640610477575 0.8688618213119881 0.7687250998134306 0.5816746752644029 0.33267026216880335 0.10778144457806137 0.024149182471332825 0.008855407217137387 0.0070830128865444365
106 1060 0.028143229188585094 0 3.43314712411206 0.8750183154118077 0.7724406226500717 0.5929939921237505 0.3585770741785634 0.1172461361095928 0.013447914090279125 0.016813864961023675 0.01377287298401792
107 1070 0.027803990330351493 0 3.4093335997981224 0.8792415255470064 0.7763453455613101 0.5989057256168788 0.356479977583957 0.12058029067856985 0.023907563154526013 0.003189027177573911 0.01825088283931128
108 1080 0.026458459425718128 0 3.378121812868712 0.8784935167581774 0.7758655652424217 0.5904466244913252 0.35779313651852634 0.1339816437346127 0.01859389492095831 0.0059708905931193735 0.004019012223031908
109 1090 0.030061438890705578 0 3.3146787374472826 0.8874880158506087 0.7825260414012669 0.6069085371003188 0.38309570723015796 0.1400406760382252 0.02238356440032305 0.010543144753139541 0.0052360046892740795
110 1100 0.03277735161301751 0 3.2989297016119736 0.8776928284401645 0.777001298588436 0.6124694589828745 0.38935190852720486 0.14843126395279296 0.04260652415877589 0.018841233731362473 -0.0042070383386799935
111 1110 0.03273764665670536 0 3.261761253647959 0.8936196180650268 0.7957155574587217 0.6221182829708629 0.39077131342234966 0.15087415055520903 0.0356607580381675 0.01653772611095256 0.015077494213154815
112 1120 0.03468093741073155 0 3.206086135991874 0.905513538875678 0.8090418115713447 0.6466878744897118 0.4191858431215003 0.16756625470897774 0.03982195401143999 0.014783813419722206 0.024081217413545714
113 1130 0.035109319815111575 0 3.118901679706238 0.9048339417560094 0.8130929833203779 0.6574073345420727 0.4287423654527877 0.1712153532241078 0.03554918104293352 0.014375071381644297 0.0002048826934930338
114 1140 0.03673970105080947 0 3.0999454484715523 0.8941050685970333 0.7994551321678435 0.6521522235073263 0.4312498129044135 0.19293835122717237 0.04786231999873283 0.025748343423916367 0.007923488646071593
115 1150 0.03927669368684664 0 3.02782924719794 0.9044422219089793 0.8211260882184782 0.6792621395482157 0.45691060274040746 0.20371155456655962 0.04927945252544801 0.03469224503848866 0.004235466675844699
116 1160 0.04190441738604078 0 3.0249450056173184 0.9155391574521843 0.8470434657921612 0.6862707665566689 0.46686070702050186 0.21528989563713105 0.052135151746596387 0.012524746973934728 0.004453645866362126
117 1170 0.04432502246968142 0 2.8751858795441336 0.9171239299558885 0.8443042879632993 0.7017466558507912 0.49412535629661863 0.23881495261312558 0.05082386775601219 0.024031785968091413 0.0010058055447100117
118 1180 0.04524006058046154 0 2.8065510254533566 0.9196167310521085 0.8507229112869693 0.7274489223563043 0.5100492980905659 0.25379006107883895 0.08138474073546342 0.011426813333297165 -0.009781016452653186
119 1190 0.047026383257605914 0 2.7987202148174486 0.9093517584019545 0.8445615049603538 0.7189049172458457 0.5125198256791161 0.258663403625743 0.06362395249230984 0.017648827968960355 -0.002815893072141717
120 1200 0.0457024095116975 0 2.8020267655460356 0.9287468897078934 0.8547405926823838 0.7208899687712299 0.5272668463583029 0.25798972599354747 0.07795468537214156 0.020114378897940592 -0.013558684497469664
121 1210 0.045789167061064624 0 2.762754763665857 0.9212403460291737 0.8631281242594201 0.7383614310605465 0.5445322062356216 0.28797125445294824 0.07455956309336605 0.028598930791777995 -0.02411843251401317
122 1220 0.049208064026474936 0 2.610186199165094 0.9346003932212082 0.8916694794362514 0.8061160989926841 0.6242886007461751 0.3565783529385074 0.11748202608417135 0.032830694557807336 -0.013480352474696873
123 1230 0.05458239769488977 0 2.5662737458264315 0.9421098062798602 0.8911827699270359 0.7821695291792436 0.5936096251350258 0.33915200317115224 0.12234647674737109 0.039462312783702574 -0.026222667313221443
124 1240 0.054713421185980125 0 2.428160535223387 0.9381186523436857 0.8989406086883288 0.8005323690802868 0.6355857991078182 0.37600124750308195 0.13454919782011873 0.015385663847709025 -0.007478359375114561
125 1250 0.055382793363500715 0 2.4428433946715167 0.9357154537707232 0.8902199945669923 0.8048865296353745 0.6411833939058047 0.37550102360830545 0.14785484423016404 0.0375048459498421 -0.012735645160859326
126 1260 0.057005806531767206 0 2.388701062739157 0.9368864332560318 0.8820701959974961 0.7825454858112272 0.62289131311451 0.36921369475193866 0.15496134653628374 0.01519352981623306 -0.00798370364173381
127 1270 0.0638985493167952 0 2.354551147719865 0.9456681908079403 0.897588981292727 0.7963639901886638 0.6327777843734689 0.390741272677504 0.17562619627435877 0.012634090896952797 0.01859972137654356
128 1280 0.07072127208781495 0 2.271153421685245 0.9552015356947225 0.904848989298455 0.8104677253528547 0.6803546030093242 0.4371771842570365 0.19957792394875817 0.024741168231515794 -0.02166781274697267
129 1290 0.06904162546833988 0 2.1496456745647876 0.951293557653638 0.9134360576122676 0.830963334579606 0.6906512121649049 0.45077479879698296 0.19641678932740775 0.026760415465116556 -0.015169848839769726
130 1300 0.06872255447109639 0 2.2053616821212776 0.9746081467363801 0.9365078623594111 0.8462612870280168 0.6929747379736446 0.4792363607597957 0.2132536669341176 0.05409698195953627 -0.028229197213652257
131 1310 0.06749166840755774 0 2.2428168231175474 0.9624948053919181 0.9290084215675938 0.8338846022930855 0.6712849349770131 0.4396980622735355 0.18111206159359822 0.049651834737474795 -0.009373612181962039
132 1320 0.06646005933339146 0 2.147903599091948 0.9598357839893072 0.9173924829002504 0.8431618718622367 0.7181809500105283 0.4814717280155893 0.20778088880269915 0.05955311798696308 -0.017706734563026908
133 1330 0.066392488916458 0 1.9523478833483776 0.9604898158565782 0.9200438277659659 0.8520984571141738 0.7075149252202025 0.48397010754242226 0.2527806683599243 0.0689115013373113 -0.01591271380991477
134 1340 0.07388352105712796 0 1.7601038631498778 0.9670138373668049 0.9346565791666038 0.8681108201626914 0.7551163957522662 0.5644268650569394 0.313807279603905 0.07450915288767182 -0.025104444217490973
135 1350 0.07776601254027772 0 1.826716203683178 0.976978350824515 0.9323528545498388 0.861369179092276 0.7547653377307108 0.5717594213634195 0.3090327725682722 0.0719484710784778 -0.019445309233889752
136 1360 0.08022482258352866 0 2.173336348664865 0.9876416961891077 0.9296571933931284 0.8484119974756789 0.7252742033282609 0.5304066749816145 0.3235082742941725 0.07404008737739197 -0.00967652213988831
137 1370 0.07709732025792676 0 1.93178336839979 0.9782093918484049 0.9334085551597976 0.88294789727558 0.7818966086065491 0.5594741626270178 0.31601982799992245 0.08555264937503035 0.015977411303182067
138 1380 0.06942776616453197 0 1.780729465782839 0.9890804432654686 0.9546609767923732 0.8754805053898919 0.771521029534482 0.5803626415449394 0.328138536358484 0.08982111441888138 0.0002162076127496435
139 1390 0.06323643084621487 0 1.73848305485193 0.9895074060342851 0.9424523633592524 0.8684666030023942 0.7506611248561916 0.5710323631943555 0.32673100634539387 0.10384147486954 -0.00761258948765443
140 1400 0.05669043455667729 0 1.7878896675730203 0.9605474635448775 0.9140848073909336 0.8630540681992338 0.7391696430653163 0.535054096802901 0.28716493077890576 0.08173319476425281 -0.009282599183079098
141 1410 0.055529199847535016 0 1.64893373804845 0.9620290728574301 0.9293340001842829 0.8782109438915562 0.7703783350347712 0.5973530504980857 0.3411861856055521 0.09706747581285036 -0.01839855390117778
142 1420 0.05471427876804091 0 1.5545389234658487 0.9694971557126119 0.9310805108035924 0.8889110984497285 0.7748497274776686 0.5974251717467872 0.34656361142793973 0.11890003104100805 -0.0028996448089010883
143 1430 0.059905720900120814 0 1.4685056786215664 0.9620076608929168 0.9308150531261892 0.879532721927907 0.7733480845979497 0.6179697043727198 0.3755326604707965 0.12534705757626385 0.007248159854321533
144 1440 0.06125769553123989 0 1.473708202913369 0.9625569717693745 0.9312943281128739 0.8790957315604888 0.7853016488479665 0.6062172239452385 0.3530407164139849 0.122914540890913 0.015271835921735227
145 1450 0.06021073541628551 0 1.3789089277651612 0.984436958234956 0.9510452239472484 0.8928336815387382 0.7861589074871106 0.6205523029553358 0.38613084968956013 0.1438912169408997 0.014745489362209641
146 1460 0.06030531309788179 0 1.4196547192913855 0.9794227271472977 0.9525354481537407 0.9122996496300615 0.8140143374811349 0.6484317202859605 0.3921387707052362 0.14593834165782232 0.01403821140890546
147 1470 0.0632470218254039 0 1.3169888091347757 0.9852832262525208 0.9553506303320458 0.9087773768961842 0.8048545818377123 0.660954538728508 0.4195646510693724 0.18158224089826766 0.04935712866283717
148 1480 0.06751154434413827 0 1.4210448730560676 0.9881770459289712 0.9452528610236937 0.8986389635594475 0.8062426726176533 0.678497943442497 0.46053265004551786 0.1796871068234856 0.045063525122572515
149 1490 0.06728320911165381 0 1.26536759713879 0.9815305871324528 0.9503295560644296 0.9104513092346512 0.8275472749003202 0.660695876079097 0.44790328177157335 0.18178245751665328 0.040813745977611816
150 1500 0.07813934919219341 0 1.1097918221894347 0.9737110883416141 0.9445495958836043 0.9016343691776515 0.8255120190174065 0.7007061537857393 0.5053150527963338 0.2339257352727433 0.06710395350548795
151 1510 0.08056710606905892 0 1.1486845822874017 0.9623368048998935 0.9351257360946289 0.8931690865879305 0.8121227516814064 0.6801364894269145 0.4699952065133091 0.23029876164210075 0.054183011951516355
152 1520 0.07655328537201755 0 1.1518841650576768 0.9752750959264292 0.9516058664233923 0.9186714402870196 0.8222677131542294 0.7018871730041457 0.4769364533357861 0.2318017109263503 0.05067730829638074
153 1530 0.07745911679891504 0 1.1437505743058818 0.9691505191767192 0.9400951292352919 0.9075208414388899 0.818347571296423 0.693812088703823 0.5098154178769884 0.2766480531250136 0.06464742669287546
154 1540 0.07688280094519882 0 1.057602405715984 0.9675871352639686 0.9357539638586687 0.9069662517128116 0.8409853551839296 0.7139034411501719 0.5297909474099959 0.2811051460723905 0.06428065747370261
155 1550 0.07529504717201609 0 1.0921285502847324 0.96544200969272 0.9392211264599322 0.9003013266555215 0.8322322088341431 0.6992938578963782 0.5005179078912302 0.27637228548229253 0.06376481203095398
156 1560 0.07103752264394263 0 1.0421067117889042 0.9842089877001908 0.9703978173372019 0.9394621877062785 0.8634682246292876 0.7598888895474213 0.5397940416701315 0.2812858223751294 0.06395197811076234
157 1570 0.06431846427892267 0 1.0783579565918788 0.9693295470215456 0.952745808610301 0.9020039251716505 0.8272353267786579 0.6805266212658877 0.47102722140737785 0.23626461902978188 0.05032184192113529
158 1580 0.06261447922493404 0 1.0244939790549816 0.9898070164946541 0.983082881879826 0.946533646676686 0.8631069351601562 0.7564124306331934 0.5480901209997874 0.2897867315820891 0.07789775228357756
159 1590 0.060790445455433814 0 0.9779097600445235 0.985061204490089 0.9820266296255151 0.9479343472615303 0.863482171109109 0.740189798744623 0.5553196134234678 0.3159190002951472 0.07863879557556704
160 1600 0.062212334619927735 0 0.9084963699131112 0.9750017791258111 0.9750874545707897 0.9418256891864792 0.8645348856118583 0.7557907819026722 0.558633850088362 0.30597582165821163 0.08703095889528098
161 1610 0.057496134123648145 0 0.9714491508814967 0.9816097308007278 0.9827836664919603 0.9499837159853551 0.8845526371244727 0.7713793704739628 0.5685584077456329 0.30312632824048236 0.08011390892795348
162 1620 0.05157595734155795 0 0.8164251164622365 0.9794060649598536 0.9600624482123604 0.9307785818020278 0.8641252959883747 0.752700109432905 0.5607575686616876 0.30027513637482595 0.07937680791374235
163 1630 0.053469043764419306 0 0.7992872430711979 0.9885958671301283 0.9760526502255352 0.951155480664295 0.8837001886656041 0.7895177663073721 0.6137692439179454 0.3460733914872389 0.11159273985601559
164 1640 0.06291180866562092 0 0.764160760309267 0.9858828735561123 0.9634572206714224 0.9360543587098318 0.8686561114344563 0.781639859950477 0.6094586382424615 0.35712899130674397 0.11539080182438011
165 1650 0.0617832344711127 0 0.786771195485849 0.9862911872430846 0.9703448588932369 0.9441004765165706 0.8725387909167496 0.7709431970193437 0.5774083526388731 0.342232789914371 0.10286396725372335
166 1660 0.059085854289182976 0 0.7633120679164913 0.9875655220524119 0.971708086172624 0.9427310925166571 0.8751004240319986 0.7675402633582874 0.5932046318019895 0.3392427360141972 0.09288759198942809
167 1670 0.06278754838525456 0 0.6680734246006736 0.9908936993881102 0.9628095221949591 0.9404530829644466 0.8888941559220235 0.7849853349446566 0.6202513245918299 0.3772987584665708 0.13439326923174558
168 1680 0.058421803899887534 0 0.7435975077819954 0.9851808417573162 0.9663677152409684 0.9212683194456536 0.8698416807589802 0.7628386582143049 0.5894966083519848 0.35143580162700694 0.12156775467751145
169 1690 0.054688811096956 0 0.652055624049313 0.993689376032805 0.969347613154212 0.9412893799259441 0.8852027899572217 0.7837369018732866 0.6162672423927587 0.37116302940884166 0.13131940839318385
170 1700 0.04999678321395551 0 0.6370697668292327 0.9872177413039794 0.968485592954198 0.9361487080025417 0.8839417586508086 0.781572295700689 0.6164641286061899 0.37229853826219217 0.14891569577835664
171 1710 0.048996900494663806 0 0.6205966196968495 0.9972759137918541 0.975382701698371 0.9376284783788216 0.8921401831659357 0.8090907816345657 0.6586782577409845 0.424285109215459 0.16610496708396025
172 1720 0.048223724326881635 0 0.5850660927397914 0.9939861310728048 0.9751260830052998 0.947091266344314 0.8992929276325674 0.8087380999039823 0.6547522230031517 0.4113037562364049 0.15493752691228693
173 1730 0.04496801727422774 0 0.6192573586372754 0.9894074181036474 0.9810945232678209 0.9563610262471918 0.8961263728119084 0.8083569775908241 0.6448088372302733 0.41925081175925627 0.1521209263080041
174 1740 0.04157951342244594 0 0.6232259608473583 0.9873508352924881 0.9714549552085432 0.9509000136938741 0.9026769721637868 0.8188973257619983 0.6561693818605215 0.4166033001623088 0.14700282220461142
175 1750 0.03855498615536116 0 0.6016476436421643 0.9901161550442694 0.9788889901035921 0.9571818082879134 0.9138711741510259 0.8339139566991228 0.6793416362264272 0.43659583017095505 0.1671350001577213
176 1760 0.036455845585412205 0 0.5968960786242241 0.9849594661777223 0.9703021744380893 0.942129866190941 0.8943129145782719 0.7996853157745866 0.6388255913659224 0.40079746834733737 0.1402087749097672
177 1770 0.036532470354793456 0 0.5395640229899293 0.9870094564022734 0.9688005236570313 0.9386717335673206 0.8949209332186594 0.8044666556274124 0.6501666080596042 0.42509483662681335 0.17190515221427627
178 1780 0.03608508517437499 0 0.5531230772496614 0.9932626070826641 0.9761547658594378 0.9477544834855269 0.8990715095122348 0.8037884281793118 0.645147790015729 0.4281511833780706 0.16981332843432767
179 1790 0.03955650806891477 0 0.5502874973960571 0.994210058214841 0.9821198273619842 0.9534048227988462 0.9024903529546322 0.8214416470858052 0.6675946949356222 0.4615162163908772 0.19059192783418696
180 1800 0.0380938796207496 0 0.5160284159966765 0.9895293782956126 0.9777185628743001 0.9574695033037113 0.9074263068023021 0.8265361849454559 0.6677062747155295 0.449476650982631 0.18586220728705105
181 1810 0.037871169694614626 0 0.5376424330567078 0.9881311002800045 0.9789774772203242 0.9570977946346979 0.9053526820511533 0.819803516617044 0.6616524803729897 0.4436101291755962 0.17599786485781418
182 1820 0.037494012122527585 0 0.5135478981438569 0.9926430747800071 0.9857189588769577 0.960678465412115 0.9109701493567555 0.8214633908889099 0.6643228191733653 0.4478754476230685 0.19296761706680435
183 1830 0.03918660227421493 0 0.48869671898852207 0.9946368634003295 0.9748771576087382 0.94832514658543 0.9011141694812669 0.8238640954843071 0.6866238545168731 0.46675399702091236 0.20444680092435336
184 1840 0.042599428513238474 0 0.43897968679807764 0.9881415749343702 0.9762443449284044 0.9540619436347565 0.9169414863445682 0.8408391020760667 0.7005930796252775 0.48270507531475193 0.21529257093952264
185 1850 0.04410325439494599 0 0.44109190899675954 0.9897750775707883 0.9714178986018843 0.9519900487709101 0.9114562214797605 0.8419885768322317 0.708872470325115 0.49347346029004946 0.2272218701138119
186 1860 0.04110891724574566 0 0.4805890673277457 0.9919543117679444 0.9759983782608112 0.9571747893306086 0.9133354946775429 0.8336532064746874 0.691521384948893 0.46589951589735895 0.19786243911240606
187 1870 0.040124864170701886 0 0.44184460014227256 0.9930276931838922 0.980029519926949 0.9629031257842965 0.9182967544789531 0.8320574675917216 0.6917811426780279 0.47827521041493626 0.21727764807191413
188 1880 0.03830821732974943 0 0.44514284023564676 0.9986891772885014 0.9829829268871128 0.965266274744284 0.9190749743134841 0.8427331497003245 0.7034841737471326 0.4888003838704881 0.2256406491102625
189 1890 0.036426560852806086 0 0.4349035298708508 0.9984510390160898 0.982411319496222 0.9609109057728122 0.9179537453047837 0.8373074014637619 0.6997484805886207 0.48767018928109157 0.22436123455537008
190 1900 0.03753000363655673 0 0.40824957802910367 0.9975991650487969 0.9796463768123418 0.9616166094127324 0.921924113195826 0.8426818702060386 0.7169883691725495 0.521704583316033 0.25621330347454035
191 1910 0.04143782868185496 0 0.40116100135519944 1.0002195833072531 0.9810526655661341 0.9654743149378886 0.9305404686775428 0.8620925098652737 0.7499726152378348 0.5587209869761028 0.2852717761369113
192 1920 0.04336678071238928 0 0.38370422835641543 0.9968143628409032 0.9828836000036185 0.956355753646885 0.9244827209888612 0.8575837703813949 0.738698231992655 0.5406618196498542 0.27204139983342296
193 1930 0.04223845579585603 0 0.3833186724688603 1.0000585598395486 0.984877479334727 0.9709704861062567 0.9336842370152786 0.8634898131079264 0.7453715479005076 0.5620904861546056 0.2914679956194086
194 1940 0.03920871704793794 0 0.377524875257651 0.9884970583097858 0.9798951485480385 0.9617909643308895 0.9202243460937231 0.8457336512039956 0.7128690586352454 0.5163811662170693 0.25312928261363676
195 1950 0.03649450373222849 0 0.37574493904368556 0.9955651619176216 0.9858195665850541 0.9709592893740653 0.93275922390312 0.859855910918585 0.7438421789802133 0.5374768688819617 0.2745209279097603
196 1960 0.03502611143893335 0 0.3539741963022135 0.9912598703417435 0.9785086241403138 0.964919363423561 0.9267958510287662 0.8605073499691451 0.7473100074012645 0.5476446980861716 0.2816836036518516
197 1970 0.03301601236883556 0 0.3536488709205807 0.9917965723689105 0.9784267939199832 0.9642353955002035 0.9257737778492521 0.8549794571296324 0.7423199928491343 0.5430429502794414 0.2802937060763705
198 1980 0.03206129135765931 0 0.35612769008436107 0.9953579301062505 0.9834150133526149 0.9613096523672342 0.9221554099123186 0.8547630204225108 0.7372985040158345 0.5330279886056866 0.2725365561954182
199 1990 0.032105996665596624 0 0.3202097873840638 0.9928939435139145 0.981468088442557 0.9616885032414947 0.9273278879285097 0.8607083981711492 0.7454475680118673 0.5496792792655127 0.28892534841545703
200 2000 0.03225593732620284 0 0.3246305300779822 0.9922442354901185 0.9839764498900406 0.9615945908980043 0.9250960188114747 0.855230401529016 0.7387948357434905 0.551567067240113 0.2925027922587491
201 2010 0.03411695867627991 0 0.3277789026422053 0.9916224948124764 0.9799730706791514 0.9579408070260971 0.9268534281059954 0.8578157378184794 0.7415050007936507 0.5601398413074061 0.30129649423598015
202 2020 0.031115637793278996 0 0.3263294256624466 0.9913939942108801 0.9828359514339441 0.9686164079366361 0.9316003189533439 0.8650326182271568 0.744106342313741 0.5513109064498375 0.2874892612765256
203 2030 0.02713741735334936 0 0.3119930807483718 0.9937479798546314 0.9821549755576497 0.9617634395895222 0.9296064677147444 0.8633837081226757 0.7462898807166433 0.5618399892259396 0.30089057513833106
204 2040 0.02687946100302186 0 0.30639723582736034 0.9909862351048354 0.9839734253620666 0.9636953554387745 0.9300207441778858 0.8632403958855214 0.7450184664772919 0.5540218719541841 0.29499945489833
205 2050 0.02785462067917342 0 0.2983174447105743 0.9897148164890933 0.9867270404276909 0.965578939373581 0.9337304371394858 0.8753750230475236 0.7646449359084435 0.5863091676745096 0.3245815735807015
206 2060 0.029102851478506934 0 0.2902352701576948 0.9905569544860133 0.9842457004379231 0.9661236219209057 0.9344342562265685 0.8761902617674615 0.7652535772803472 0.5784142830447782 0.31787027948806734
207 2070 0.028445460080808168 0 0.2932837497640093 0.9895289013295615 0.9827629510746122 0.9610326524988868 0.929272200686912 0.8643665690492168 0.7522163112242618 0.5671912173708241 0.3119201890506013
208 2080 0.028040463252512984 0 0.27316070238678974 0.9923517257002349 0.9873456366817376 0.9664179435390297 0.9332718407600756 0.8704399574708993 0.7625730851492025 0.5847656730658416 0.33172203968822755
209 2090 0.026912714308105837 0 0.27916780748202263 0.9938192369651363 0.989041377906754 0.9699229525755978 0.93386044181239 0.8723545455474329 0.7626439912988792 0.5804410424157765 0.32556998645225294
210 2100 0.02467239916912351 0 0.2759500755329423 0.9923281772100543 0.9857915566858625 0.9681804717355695 0.9347747978939661 0.878343263390279 0.7707394540524395 0.5926216895436751 0.3331181841098445
211 2110 0.025581326891994282 0 0.26565692587663775 0.9909928972305241 0.9842408685472724 0.9675231171041805 0.9353327130561314 0.8802951681827971 0.7700841195639962 0.5899153698680483 0.33466685966638304
212 2120 0.02461917600516355 0 0.27248005489276517 0.9911675470704546 0.9836538471000706 0.9647015613068167 0.9297994891688302 0.8733772065663996 0.7684651822350286 0.5852452046390911 0.33282285938897177
213 2130 0.02532634060634246 0 0.256771336392535 0.9902200088664327 0.9835992522169306 0.9633020225377009 0.9345002626757546 0.8806317782498688 0.7753730596725769 0.6019969247670613 0.35005524189898934
214 2140 0.028104658733990456 0 0.2545218603190573 0.9931504157747418 0.9836369997544052 0.9646383187973261 0.935617251062884 0.8788197092985586 0.7723718093586894 0.6016535838672841 0.34946354286703213
215 2150 0.03279304473065577 0 0.24732962234527825 0.9902799646969398 0.9816575671668755 0.9648969508633782 0.9358411409226021 0.8797399548682334 0.7738676189553562 0.6083133580751217 0.36030368453071754
216 2160 0.03452497306709361 0 0.24018375459715408 0.9915277749051171 0.981750158311767 0.9671963896119378 0.9350357655729437 0.8790264407234366 0.7739291398685106 0.6073441780138487 0.36269668330820876
217 2170 0.03196130801257976 0 0.2510133617763845 0.9879887148167004 0.9810929599953153 0.9634356029697302 0.9359239692365067 0.8850905671298672 0.780603453267652 0.6072132719833424 0.35804541720035266
218 2180 0.031684116774850536 0 0.24408064796975845 0.9928488630105113 0.9866118069713846 0.9712195059631781 0.9399995367191593 0.8900815145606044 0.7809868501481727 0.6099631192517116 0.3627017895906735
219 2190 0.028406154762082674 0 0.232576136022181 0.9893619836140394 0.9863237919061348 0.970860093772647 0.9429203807519789 0.8941790889110808 0.7912709285832693 0.6245827947929221 0.3771503399628838
220 2200 0.02630982374489874 0 0.2260219102555901 0.9923405286221596 0.9865533213694512 0.9687810258473384 0.94216503989597 0.8925238289414987 0.7894134603546256 0.621368191432488 0.37576070369674747
221 2210 0.026841993786967965 0 0.22114524037074806 0.9892237607974749 0.9853736644315079 0.9714281125745744 0.945748674959194 0.9001037009215548 0.8004120380473265 0.6375445028652915 0.39340741138655466
222 2220 0.03332699756417193 0 0.2149304656983046 0.9943610657178735 0.9902970716560542 0.9734036754849656 0.9481999662328005 0.9044378059054987 0.8083917285538587 0.6652252405896618 0.4276809160565724
223 2230 0.03479965379473765 0 0.2021822744814476 0.9911997355022387 0.9872910792436101 0.9718076110868206 0.9447741346898367 0.9021824652386289 0.809447762665092 0.6576151017156764 0.41830788186229856
224 2240 0.032135285387613004 0 0.20959038935263682 0.9928354623889319 0.9897209128189836 0.9734252127542748 0.9500421139315467 0.900611518890707 0.804301302005786 0.6445665165037089 0.4012528131984817
225 2250 0.03614827853106981 0 0.19843774032581282 0.9913308075505393 0.9931400676268951 0.9807080331701977 0.9552637339886494 0.9161898639258407 0.8250408276026225 0.6746735901542424 0.44588928706559294
226 2260 0.042819602308781714 0 0.19688369241451703 0.9834259020598585 0.9825018073933462 0.9723884071375641 0.9475141210518011 0.9031215013411126 0.8188074571596936 0.6693819036727083 0.43899098219325905
227 2270 0.04360466612319965 0 0.1952431064204505 0.9919257396780212 0.9873758824301538 0.969836910427959 0.9507507399245391 0.9011889803209359 0.8083568134552477 0.6640156408933003 0.43396431060712753
228 2280 0.04702753842682586 0 0.18647743803940867 0.9947436425310744 0.9938465578081903 0.9753837719841314 0.962518850738544 0.9194216311117779 0.8323694539623833 0.6935923704072767 0.47430315793905903
229 2290 0.04796303486712852 0 0.1576393927049023 0.9913342424925539 0.9888508262321204 0.973156363126232 0.9546489743803803 0.9088605117716425 0.8245212014473109 0.6849868769991188 0.4658647138009864
230 2300 0.049634754046957046 0 0.1434566725007157 0.9893173430154398 0.9861492756605064 0.9730938621151095 0.9567044252354284 0.9166023558524308 0.839928757144614 0.710484837849191 0.49680842004822257
231 2310 0.05312339492664884 0 0.15341357485014007 0.9867481461194899 0.9867453394199664 0.9771391340754068 0.9552202472254374 0.9111191006023421 0.8312289384006292 0.6928983455776805 0.48301765416051895
232 2320 0.050757101315677726 0 0.1271301651979599 0.9923578292006807 0.9927390421569969 0.9809188740017505 0.9622725693201778 0.9278309902676714 0.8520745237936863 0.7253809669894751 0.5183492066852311
233 2330 0.05142992601834638 0 0.15082794831390725 0.9830991260672143 0.985766885484096 0.9782629538440809 0.9589701406885501 0.9218082665344061 0.8523160361452197 0.7239587682768969 0.5219575449903058
234 2340 0.05743656499168735 0 0.10792349325207923 0.9879135532405992 0.9917270919398399 0.9852407533113771 0.9652596925001793 0.9339333681268899 0.872690356665379 0.7622691557749217 0.5786699182380008
235 2350 0.059050476266522156 0 0.11699837664745782 0.9884969203508429 0.9914563041766317 0.9866720118203601 0.9723121880389015 0.9384375101769746 0.8723272481868508 0.7631504560635844 0.5750833069331417
236 2360 0.060377003289615164 0 0.13371355908408328 0.9970141689787103 0.9976828234016757 0.9811979779312364 0.9662321492852117 0.9335979339052621 0.8706390441398786 0.7726863508211199 0.5847417150822788
237 2370 0.05479692939831251 0 0.10443772546670779 0.9902822539176482 0.9938639268750534 0.9827226040084381 0.9678316917726333 0.9400011007047943 0.8763638018110546 0.7665343302266543 0.582461027731827
238 2380 0.051590063332542256 0 0.09232342557628007 0.99241785580403 0.9929669236867504 0.9836191129295401 0.9651120088198042 0.9366923325727984 0.8789293793494355 0.7768713063753963 0.5936608970733651
239 2390 0.05077524496855263 0 0.1122262174119395 0.9924523851729896 0.9954280066536557 0.9905184742403714 0.9748029979395405 0.9458500940888508 0.8899587895015507 0.8015211356046734 0.6254374591657623
240 2400 0.04840918997923477 0 0.09197890343365317 0.9974228379126169 0.9959679869706564 0.9819870676553198 0.9651778543865157 0.932760304506464 0.8751071059815808 0.7708688838648621 0.589338166586509
241 2410 0.05102010684283191 0 0.0755349006102109 0.9978951693547452 0.9974902236853296 0.9860877125299183 0.9743980059030748 0.9463861257189251 0.8950453535331054 0.8054893989217472 0.6381195422471962
242 2420 0.05664720757113977 0 0.0965919558876176 0.9976615240007153 0.9945488590850322 0.9865994280959679 0.9784113928520335 0.9469177522085852 0.8872892513272058 0.7783377764100569 0.6080411291362209
243 2430 0.054172896679399334 0 0.06834106428091402 0.9950664137346733 0.9933353750859927 0.9846739036641237 0.9704123787237308 0.9417787881890133 0.8911155079686324 0.80332384283041 0.6491620705437436
244 2440 0.05166945157645633 0 0.06649436755585124 0.9918970957562401 0.9947050649851218 0.9861580993463738 0.9777602095414039 0.9538254474021218 0.9054366766334511 0.8168096644966669 0.6624738781599152
245 2450 0.05134272070971422 0 0.07374100773228526 0.9907261676321968 0.9939350551263745 0.985579195036194 0.9752042316007772 0.95043197271504 0.9040869878977404 0.8253618659609842 0.6894578951510195
246 2460 0.04703070845934419 0 0.0838146314413957 0.9969976872924867 0.9958457981371464 0.9865125067157614 0.9724111375814278 0.9464331709923918 0.8902739488408543 0.8022975301012019 0.632164464706563
247 2470 0.041636133615669965 0 0.06638937672837232 0.9933669214542317 0.9953876871173888 0.987378184339021 0.9723232045364758 0.9476731258046213 0.8949636482366867 0.8017331961974796 0.64667476528003
248 2480 0.04111691282733354 0 0.05658448176587599 0.9956340302116189 0.9972202573486376 0.9887206559621071 0.9779400845041738 0.9624318422744789 0.9222155395377729 0.8508176180940681 0.7120270633177258
249 2490 0.045680467991085785 0 0.0487017403964156 0.9939760913844193 0.9972606713511232 0.9910947689060929 0.9812259860487808 0.9681547498055958 0.9304361824430009 0.8613716597297904 0.735812942584188
250 2500 0.050133811725788395 0 0.048196295123891855 0.9933867370443304 0.9927484657893206 0.9892701970228469 0.9868752282085786 0.974526941970183 0.9434963113379121 0.8823993766505217 0.7693918314612528
251 2510 0.05123816980216948 0 0.05169310008754519 0.9917682336755572 0.9917789179074316 0.9888196850557437 0.981416795359889 0.9684220100339416 0.9335105257685231 0.874341640731864 0.7527688371136944
252 2520 0.05185161636176902 0 0.054564430264589014 0.9944995961245023 0.9958758614105703 0.9963168207170767 0.9890462901050571 0.9805627394677487 0.9527345079432721 0.901854390081315 0.7983665091855037
253 2530 0.0539027905532969 0 0.04927946542026737 0.9930120519171605 0.9950789656222547 0.991270209819853 0.9916036300690639 0.9845125518812874 0.9601126997908958 0.9156269386228865 0.8276748557973796
254 2540 0.05399190323079102 0 0.03269293128983737 0.9983017982319087 1.0000463823461503 0.9931225890472628 0.9866768784391031 0.9718305533898312 0.9383013217759113 0.878697052484204 0.7668879483185321
255 2550 0.058793501159504956 0 0.023862451861258842 1.0011272307547863 1.0002477697878993 0.9955412411371398 0.9877773805475377 0.97170758842833 0.9425667864905289 0.889335738301831 0.7947024331063526
256 2560 0.05811193227065678 0 0.026776851468467942 0.9979955724114126 0.9982139558980538 0.991607535393507 0.9879549621567715 0.9723753176568702 0.9433821356283918 0.8901357255317328 0.7862549431740334
257 2570 0.054136501934840285 0 0.030475434989515944 0.995709454819428 0.9936291203656082 0.9898549257486591 0.9862564817224304 0.9707535166330856 0.94136312026256 0.8795076146295007 0.7768739710842834
258 2580 0.04818121690387302 0 0.028853191915808967 0.9979963601220849 0.9961358354683727 0.988711652692883 0.9797920275808931 0.9655724119217127 0.9327415610315148 0.8705626825604399 0.7548932243446732
259 2590 0.042398506315104854 0 0.027143312676455915 1.0002301728650973 0.9970791251103359 0.9921907257310072 0.9863971157054945 0.9705799756850327 0.942839296531191 0.8945203376294826 0.7924434728454239
260 2600 0.041101071215805925 0 0.023748349259071377 0.9936965938511305 0.9928511915438375 0.992644032441849 0.9856049000251216 0.9750889719522681 0.9519160405546432 0.9033764833423958 0.8126284152568747
261 2610 0.039368150900018016 0 0.021581389377623567 0.9969902959869007 0.9959369810125565 0.9919205142046095 0.9876764388740281 0.9708431686256597 0.9438381135833501 0.895524951342784 0.8028153050714154
262 2620 0.03869477097157531 0 0.01552197372842881 0.9980050089551874 0.9956396202072758 0.9922829396495418 0.9867343458837684 0.9765686719797725 0.9567637473407061 0.9192147766427314 0.8499592273766273
263 2630 0.04641284895618829 0 0.007785246136868247 0.9974836690305513 0.9962952214799335 0.995837215817268 0.9951683923128165 0.988789846721534 0.9817803044678225 0.9668339353952948 0.9316597463199925
264 2640 0.04426119238080112 0 0.015161327330235529 0.997467555436656 0.9958585001032013 0.9968634978223018 0.9940445855188463 0.9820952623260304 0.9619558797862866 0.9264861223964636 0.8611700798495262
265 2650 0.03836696480640677 0 0.01496818210400655 0.9968967488174278 0.995071545255478 0.9962440584100002 0.9911973213246971 0.9839829995793969 0.9680558599304834 0.9376920485298541 0.8719197816121571
266 2660 0.03554184759414417 0 0.015508297705050082 0.9987733171392642 0.9985579474140265 0.9971507597729478 0.996149456555756 0.9886599414006838 0.975695504543136 0.9534217686097937 0.8988628628383379
267 2670 0.030877059175344716 0 0.013056318178790615 0.9977399211032327 0.9973686037276845 0.9961652473171329 0.9920698910768827 0.9820204652602388 0.9623377882218397 0.9323051874527333 0.8655414507570226
268 2680 0.0281193487466183 0 0.01219911486171046 0.998816128316556 0.9989858446403563 0.9965848673009651 0.9931569459134296 0.9834009140135983 0.9635426733799619 0.9338388270275374 0.8693849000109675
269 2690 0.027806257854071606 0 0.010810758814869214 0.9987934409409105 0.9993112124014212 0.9953660502219652 0.9896987621228701 0.9794398438204105 0.9602723217254961 0.9196375461320953 0.8450920177835559
270 2700 0.026485922443547867 0 0.006454008800037922 0.9983773448979041 0.9982733059666353 0.9970849461842355 0.9932686670646915 0.9854063601353104 0.9703402930507992 0.9399108511353327 0.8804448302117419
271 2710 0.025947925149475134 0 0.007558185006813166 0.999330325277209 0.9998431085956251 0.9961112890356202 0.9931847657694535 0.9838575576602354 0.9689837011982145 0.9384450606246212 0.8820844300798728
272 2720 0.024066362070317582 0 0.0077507582319776445 0.9989118564798178 0.9999848109286107 0.9960733723574126 0.9933086269620179 0.9851732198383609 0.9703158094995131 0.9392582669199322 0.8828886945784279
273 2730 0.021259343308425546 0 0.006418610711036157 0.9983988474236558 0.9986776049890572 0.9967041942013437 0.9945319975719051 0.9863884953035161 0.9709394007105812 0.9441660358449482 0.8895569349434178
274 2740 0.020647356337291298 0 0.006299990022661706 0.9987137283195193 0.9992490898702777 0.9971156088884274 0.9946427420577878 0.9881199985134815 0.9741457137307873 0.9516570464515736 0.9021790399379512
275 2750 0.019814868762681553 0 0.005860733679515852 0.9984279946346791 0.9989788145276397 0.9978214993395226 0.9946171722046605 0.9889776446557009 0.9756268163273821 0.954571005882963 0.9078346933589716
276 2760 0.01951623994079989 0 0.00484896679380632 0.9989014414170893 0.998202704159494 0.9967662538437126 0.9948657445920347 0.9879501191403917 0.9761603959711794 0.9553638061299965 0.9096254509685041
277 2770 0.019732616484854592 0 0.0035683741012534223 0.9979171598311245 0.9985466559487057 0.9973098422034361 0.9958882935546164 0.9912688241705121 0.9813827140474007 0.9643907085939796 0.9275851201453919
278 2780 0.020979481925949377 0 0.0025763776503074896 0.998598831724916 0.9989552501533084 0.9980302822556351 0.9957032715156177 0.9909068364404173 0.9816820283849699 0.9661922229741294 0.9331486119431655
279 2790 0.024369895937523194 0 0.001718080316399415 0.9992590451720401 0.9988644954887382 0.9991966994746164 0.9980533394784722 0.9936689905537072 0.9885433785408261 0.9781779616706774 0.9569599458968799
280 2800 0.02538184252948932 0 0.0025005774863338963 0.9989911245077306 0.9993757829666673 0.999015094930523 0.9974119614146911 0.9967812213907716 0.9936762073403761 0.9850380685473431 0.9670715709000859
281 2810 0.026324409254382973 0 0.0017568731705098818 0.9988355451843077 0.9999093427863427 0.9993070036435842 0.9994616391034215 0.9974116424745162 0.9954397347989891 0.9884247843923651 0.975904825080002
282 2820 0.0228067142313831 0 0.002306491874753321 0.9990707377161147 0.9987372845628586 0.9981530807697013 0.996502851631387 0.992946338212899 0.9843697192097097 0.9708018528264335 0.9402689077946971
283 2830 0.021475620199104536 0 0.0017660762565471098 0.999539363160426 1.0004455056416237 0.999094336306768 0.9985241267467921 0.997858536100172 0.9952464384946995 0.9889021616149675 0.975201068462548
284 2840 0.019945384041421377 0 0.0013083636051038415 0.9983936771177682 0.9982904325745842 0.9989757305066976 0.9981206191730584 0.9961912990695049 0.9934193813478488 0.987336837867243 0.9760771162716976
285 2850 0.01959688608679053 0 0.0016361712795415167 0.9992275465027061 0.9987640340141224 0.9985849184515748 0.9980841421844598 0.9970195132193073 0.993081242581976 0.9832765034437122 0.9676188762536311
286 2860 0.019332116289071662 0 0.00030582850494578854 0.9997412634107916 0.9998831302812725 0.9997293811208833 0.9994540119517227 1.0004111410993952 1.0002133010423626 0.9999438127725537 0.9997229586551197
287 2870 0.016907933954295146 0 0.0008774488756522003 0.9991154313554558 0.9989791481042083 0.9987494937356548 0.9981863996534177 0.9976445352096952 0.9945600752504127 0.9876782410931245 0.9745751829743773
288 2880 0.016800577639127373 0 0.0008167863732337684 0.9996194997411226 0.9990044049873719 0.9997631051784935 0.9989340718399592 0.9988867605307156 0.9963312271164564 0.9919649788240955 0.9834969079456686
289 2890 0.015721537375729813 0 0.0006222128852379548 1.0002037132653152 1.0003603559855956 0.9998466035767274 0.9994913734009603 0.9997826982860235 0.9994831045814482 0.9991764018480648 1.0005237470622972
290 2900 0.014951536174568715 0 0.0003090524460965374 1.0005673216439726 1.0004033806303096 1.0001330921035654 0.9999847580875659 1.0003512475192498 1.0001858998310302 1.0015847308432477 1.0034983093532857
291 2910 0.013301045754900032 0 0.0005029108988378132 0.9995331073014435 0.9993443083110888 0.9992840186949045 0.9992467464409882 0.9988611548966037 0.9968442324579871 0.993662250898759 0.989006946949704
292 2920 0.011427179433270753 0 0.0005172885259239062 0.9997507094940662 0.9990370663488515 0.9992241154098535 0.9988552560949655 0.9982086032761538 0.9950564811116932 0.9905133666577859 0.9809833813829881
293 2930 0.01086249125422482 0 0.00024685898807907903 0.9999564437994145 0.9994538590076891 0.9996072277069608 0.9990368547655599 0.9976639429586318 0.9949191701618704 0.9897716159133166 0.9797738508531523
294 2940 0.010114007586943662 0 0.00024423175149356006 1.0000501971416842 0.9996745373881277 0.9995345111675494 0.9995708484304272 0.9986875576302698 0.9967414828326099 0.9944343476497317 0.9891036743007323
295 2950 0.008728362454400498 0 0.00012933162541482718 1.000220207182871 1.0001317324827725 0.9999506642867843 1.000250449519488 1.0000879197554005 0.9997618588756771 0.9999511660362627 1.0005743694522993
296 2960 0.007915511106660035 0 0.00015562967965773763 1.0005472467740792 1.0002284787030242 0.9999937086424588 1.000087431889075 1.000008621586756 0.9995526174144721 0.9990479970116101 0.9986622951420496
297 2970 0.00730270911737714 0 7.182485089807507e-05 1.0001580299147557 1.0001423948439936 1.0001811314217672 1.0000762349200452 1.000006744908874 0.9993633505342243 0.9990847106814537 0.9980681269841934
298 2980 0.006532846307814948 0 2.6678082106531773e-05 0.9999634474019032 0.9997441433866587 0.9997239298294037 0.9997270437238099 0.999491577707121 0.9992276563055689 0.9984118424284344 0.9967939520924773
299 2990 0.005801958232359898 0 2.640397329483985e-05 1.0000971418103128 1.0000188299113015 0.9998923509657023 0.99996072885002 0.9996756046947237 0.9996485760064227 0.9993661356247797 0.9988778328808117
300 3000 0.00511689423276576 0 2.4683906406420732e-05 0.999868325088642 0.999899002152013 0.9999379023660242 1.0000820035062317 1.000162907621413 1.0003051315745748 1.000862513707179 1.0020179547090489
301 3010 0.004552847108580742 0 1.2738957945974224e-05 0.9999053037737756 0.9998922397756167 0.9999615264126951 0.9999130663822717 0.9999030052431266 0.9999203451848793 1.0000076018179744 1.0002201327138518
302 3020 0.004160957222009587 0 2.0142502237393694e-05 0.9999024780653258 0.9999512151518157 0.999940606019517 1.0000861723600798 1.0000561260691538 1.0001856045542656 1.0000295135181532 1.0000419857157754
303 3030 0.0038370857138893886 0 9.264620366705788e-06 1.0000951557383875 0.999947188058532 0.999904626276326 0.9998727317830437 0.9997718213752254 0.9995909847499616 0.9991970399861938 0.9982634440781376
304 3040 0.0034001223192410635 0 1.4603360462943276e-05 0.9999552049658476 0.9999591701180761 1.0000697335111441 1.000212372741317 1.0005827300047843 1.0011509433493009 1.0022090620014892 1.0042988498792156
305 3050 0.003363089613186374 0 1.5768047751793702e-05 0.9999418909809668 0.9999180468404044 0.9997912851614685 0.9997361932233331 0.9997394091068605 0.9994834920254178 0.9988328128478267 0.9978197959233652
306 3060 0.003260530301032403 0 1.2669141601865242e-05 0.9999531984348599 1.0000520932563322 0.9998989580356185 0.9999544159230748 1.0000249604720095 0.9999162818050717 0.9997522000572022 0.9995182128298008
307 3070 0.002885385917303051 0 1.0263895867988346e-05 0.9998763775911915 0.9998743302406202 0.9999866467429868 0.9999176740191912 0.9999019011100716 0.9997860659621451 0.9997176982711884 0.9994575660342672
308 3080 0.002737799117792054 0 1.029192046789019e-05 0.9999550947310872 0.9998922498866014 0.9999083091061578 0.9998582266385527 0.9999348176165954 0.9999120034522624 0.9997249324410576 0.9992919633570201
309 3090 0.0023734343917123455 0 8.880461791273196e-06 0.9999718144417737 1.0000099060675816 1.0000404550744486 0.9999898161714336 1.0000945998218627 1.0000960266977175 1.000285076494847 1.0003601988841808
310 3100 0.0022113687883450954 0 7.144065290837306e-06 0.9999734002303404 1.0000761826375548 0.9999766846282475 0.9999176346961335 0.9998681512510325 0.9996424854451557 0.9992424851666156 0.9984261464314906
311 3110 0.0019950106633336052 0 2.780395383999342e-06 0.99994261026177 0.999914229131434 0.99995510735839 0.999943856707275 0.9998702591551278 0.9997790438157291 0.9995948650974635 0.9991250858986352
312 3120 0.001679677164862053 0 3.1223406975434448e-06 0.9999443493224047 1.0000060555328245 1.0000385846334974 1.0000362824052633 1.0000938210099608 1.0002291973724693 1.0005149935159297 1.0009503866341332
313 3130 0.0015637906630610366 0 4.1940896926514536e-06 0.9999624174606496 0.9999801071597589 1.0000483749775257 1.0000837991851919 1.000239156222784 1.0004137872615269 1.0007682359555088 1.0014379839919005
314 3140 0.0014839280480265326 0 2.7772180617185224e-06 0.9999965133317684 1.0000594431361673 1.000087405160495 1.0001046163717007 1.0001760131326083 1.0003708945493224 1.000770028948871 1.0014548810491781
315 3150 0.001391609456357822 0 1.7408780735578238e-06 0.999961142714319 0.9999787847085787 0.9999821075990396 1.0000133571328753 1.0000811914413783 1.0001960170099498 1.0003612228377154 1.0006564703344316
316 3160 0.0011840279677065024 0 1.4326829810733345e-06 0.9999968758245878 1.0000125677354736 1.0000149127882931 0.9999970079304924 1.000051489527932 1.0000134159861904 0.999989872398806 0.9999715794112952
317 3170 0.001037822492740194 0 6.68860830236518e-07 0.999983253611796 0.9999952588526022 1.0000095186418647 0.99999281426147 0.9999985908944752 0.9999956078258626 1.0000492203754872 1.0000630970817466
318 3180 0.0009464129972980716 0 1.0928514564567302e-06 1.0000040941569863 1.0000001769835087 1.000022143080222 1.0000839765641911 1.0001617867212365 1.0003286534803715 1.0007001738351056 1.001376294103812
319 3190 0.0009072012167242518 0 1.0365032356641009e-06 0.9999843145660909 1.000011573481494 1.0000062868104203 1.0000656341218856 1.000120382836021 1.0002664781597301 1.000521476063694 1.001013440222581
320 3200 0.0008143177535552768 0 5.223602766141136e-07 1.0000132452954174 0.9999989678453078 1.000018064215282 1.0000532918817298 1.0000629759077238 1.0001348848998728 1.0002582842294614 1.000489611701023
321 3210 0.0007732472091234834 0 5.212778836805603e-07 1.0000151540648508 1.00000333245638 0.9999702907998208 0.9999710325646273 0.9999500003763995 0.9998795955776596 0.9997908559136364 0.999593008064245
322 3220 0.0007100720659312001 0 5.237576114327984e-07 0.9999944456618252 0.9999814985518872 0.9999651017317772 0.9999663325944921 0.9999110611868586 0.9998402505839389 0.9997104769582235 0.9994523641095188
323 3230 0.0006103857860515201 0 3.551317324554295e-07 1.0000020161104455 1.0000047142800823 0.9999977012931202 1.000012953885873 1.0000195784329768 1.0000318157151373 1.0001027611899707 1.0002423935867222
324 3240 0.0005891199396240687 0 1.1230473221292444e-07 1.000011413025588 1.0000035747036211 1.0000070672249246 1.0000067261355554 1.000011954469753 1.0000051685066416 1.000016753023544 1.0000507119852364
325 3250 0.0005686212621482496 0 2.3377368294577573e-07 0.999998445419131 1.0000147774427994 1.000011228106235 0.9999999763503552 1.0000008129160294 1.0000228396143034 1.000071486113936 1.0001427529821518
326 3260 0.0005507547679488823 0 2.3762524000920646e-07 1.00001145441026 1.0000129282602852 1.0000257583340322 1.0000344980683904 1.0000839434975306 1.0001530984477571 1.0002953035358637 1.0006057634942236
327 3270 0.0005092074497230984 0 2.3604792135345412e-07 1.0000122840115153 1.00000339976522 1.0000154582783851 1.000019218000197 1.0000245397595768 1.0000139420350316 1.000012296846995 1.0000281418458516
328 3280 0.00043972880745279654 0 1.343407366797631e-07 1.0000019589088742 1.0000004959317386 1.0000042839198735 1.0000046534294937 1.0000032271666106 1.000008385984264 1.0000394046771741 1.0001059371231855
329 3290 0.0004001580307600056 0 7.154404316723486e-08 0.9999984042532027 1.0000066329580954 1.000015135114826 1.000021081659219 1.0000235115695288 1.0000421222109779 1.0000826273615389 1.0001576655423379
330 3300 0.0003600416412303947 0 5.877920896940132e-08 0.9999925863569098 0.9999947747121809 0.9999967746294721 0.9999936763083885 0.9999878405871585 0.9999815625432469 0.9999490798225847 0.999884778050341
331 3310 0.0003439547823140834 0 7.074975238563768e-08 0.9999963330130177 0.9999904179953186 0.9999879639882907 0.9999751343601847 0.9999550219779466 0.9999212208349417 0.9998517454654645 0.9997138243811702
332 3320 0.0003174616588491307 0 5.471302285781149e-08 0.9999935290691582 1.0000002365384684 1.0000052462874223 1.0000072937783226 1.0000062179026006 1.0000166273092095 1.0000179991405465 1.0000324674348822
333 3330 0.0002728993526613675 0 3.88973319671303e-08 0.9999980288622301 0.9999991722900395 1.0000061859166998 1.0000032848097575 1.000005160556709 1.0000027207427102 0.9999975459644617 1.0000056836234081
334 3340 0.0002459060865905576 0 3.3758548607989966e-08 1.0000075071439238 0.9999985795879649 1.0000024116980428 1.0000030285481698 1.0000091710073258 1.000018677963368 1.0000344778591481 1.0000676806864368
335 3350 0.00023435323474547604 0 2.3009262754112952e-08 1.0000053996221212 1.0000023686849622 1.000004992083384 1.0000054485681222 1.0000082684642768 1.000008112429573 1.0000190038888181 1.0000311577380978
336 3360 0.00021047789243007565 0 9.139057332719364e-09 0.9999989272773515 0.9999998180861923 1.0000009638510778 1.0000024043872395 1.0000030545227494 0.9999996127269608 0.9999982566922726 0.9999902585624331
337 3370 0.00019707141304178697 0 9.549475366191826e-09 0.9999995017342627 1.0000011597631695 0.9999996672283309 1.0000019094374566 1.0000015323270448 0.9999996812798637 0.9999931746692615 0.9999816942225277
338 3380 0.0001772524349586392 0 1.7234445678191574e-08 1.0000025314205268 1.000006897912981 1.0000059824389116 1.0000102330909482 1.000018721522836 1.000031393265613 1.0000630613030532 1.0001229434669878
339 3390 0.00015717961711471325 0 1.237429810178593e-08 1.0000041142866583 1.00000267829169 1.000001400798788 1.0000015656649384 1.0000068908650965 1.0000083353592604 1.0000140117381993 1.0000233895399895
340 3400 0.0001419592115151369 0 9.901128744741341e-09 0.999999496378198 0.9999969885579261 0.9999993840930692 1.0000038800122935 1.0000091021395934 1.0000190945421978 1.0000337459221789 1.0000685792077821
341 3410 0.00013148235786390646 0 1.2224078813626602e-08 0.9999979063496673 0.9999967410929713 0.999992179431878 0.9999926980704955 0.9999896747771646 0.9999819557451586 0.999966764857644 0.9999340206258067
342 3420 0.0001147721333071387 0 1.0028257004738883e-09 0.999999667906347 1.000000039072365 1.0000008942677923 0.999999649105549 1.0000008825274191 1.0000015227012284 1.000004016402478 1.0000072737455512
343 3430 0.00010920889274997045 0 4.437806759210381e-09 0.9999997074643828 0.9999993045754825 0.9999985974004547 0.9999996668444092 1.0000024316588314 1.0000097347048906 1.0000195065237854 1.0000393089354425
344 3440 9.612654133608694e-05 0 4.396356158021442e-09 0.9999987376146615 0.9999965831198379 0.9999972314361256 0.9999972673708747 0.9999983741063732 0.9999971863309619 0.9999941639967126 0.9999900802970365
345 3450 8.781795582925299e-05 0 4.500805405744276e-09 1.0000021308742395 0.9999989472420822 0.9999991376306746 0.9999996079372396 1.0000010899239324 0.9999993739540292 0.9999977905519802 0.99999457568531
346 3460 8.155232074270661e-05 0 4.087951108055782e-09 1.0000009767687659 0.999999657968547 1.0000000239939042 0.9999979328013388 0.9999999672990647 1.0000016453609986 1.0000052530702999 1.0000079222479477
347 3470 7.652727709091469e-05 0 3.4904428886986845e-09 0.999999118841157 0.9999986676111636 0.9999995748418892 0.9999984542300507 0.9999999258263564 1.0000013182024756 0.9999993992096913 1.0000015211187252
348 3480 7.008752846010931e-05 0 1.6383548168360439e-09 1.0000013739457327 1.0000004142033077 1.0000005564936238 0.9999997050225482 1.00000042502627 1.0000024157029102 1.0000064983328278 1.0000115427279896
349 3490 6.431462627227417e-05 0 2.072999931425682e-09 0.9999997209188771 0.9999988928980937 1.0000001936160068 0.9999979651265252 0.9999970778076464 0.9999956147833483 0.9999926086873004 0.9999868104495809
350 3500 6.074095716605365e-05 0 1.006961952825229e-09 0.9999998399305076 0.999999258378265 1.0000000939338987 1.0000010261975076 1.0000023963340365 1.0000052285548193 1.0000124568836322 1.000025617839556
351 3510 5.2559273502052064e-05 0 8.317959122066934e-10 0.999999658186863 0.9999988843465357 0.9999999319167717 0.9999988173510009 0.9999988545998599 0.9999982068547919 0.9999969013359754 0.9999942654266091
352 3520 4.751224665153677e-05 0 8.864511852304519e-10 1.000000450518035 0.9999992687476139 0.999998770231833 0.9999979206967932 0.9999972263693513 0.9999951738079593 0.9999897903543001 0.9999809353628664
353 3530 4.483274284499388e-05 0 4.954220590864094e-10 1.0000000086564944 1.0000002561768544 0.9999995174872022 0.9999989851100279 0.999998244099785 0.9999968025805186 0.9999952896278181 0.9999913041597058
354 3540 4.4477738536598665e-05 0 5.536993692657347e-10 1.0000008504430897 1.0000004237544087 1.0000004003442033 1.000000564216325 1.0000012526381226 1.0000037661006596 1.0000083299944267 1.0000159229898404
355 3550 4.1775048275785644e-05 0 4.1173043039165145e-10 1.0000005822857727 1.0000009631553846 1.0000010771365213 1.0000012803696596 1.000002832528812 1.0000053455694053 1.000009924020497 1.0000205084115013
356 3560 3.8734763143275975e-05 0 5.450231066046286e-10 1.0000006384876594 1.0000006932604482 1.0000001619836016 1.0000011660964008 1.0000020182886251 1.000003495610349 1.0000056515206726 1.0000108450880998
357 3570 3.553940175081292e-05 0 5.151164765108761e-10 1.000000618314906 1.0000006006111684 0.999999693197602 0.9999994818670297 0.9999988207333529 0.9999982531497428 0.9999952877068867 0.999991128858027
358 3580 3.2948131332401657e-05 0 3.6057382904584176e-10 1.0000004870869246 1.0000001284707387 0.9999996784521488 0.9999999955478566 0.9999991827309518 0.9999986310746001 0.9999984120559201 0.9999966061280559
359 3590 3.0148975384430694e-05 0 1.6491268885812524e-10 1.0000003322035906 1.0000003365851122 1.000000558854067 1.0000003504289932 1.000000693607319 1.000000582462533 1.0000013250487232 1.000002166150844
360 3600 2.7729760018487633e-05 0 1.7464597859165446e-10 1.000000461799116 1.0000002710206954 1.0000003477034174 1.0000000859598726 0.9999999332695167 1.0000005824987837 1.0000016256100157 1.000002941901475
361 3610 2.4682657273548076e-05 0 1.6222698565425825e-10 1.0000002775370251 0.9999998751071223 0.9999999881072402 0.9999994397437169 0.9999992084814389 0.9999990064431288 0.9999982933260829 0.9999970681333196
362 3620 2.286771299700043e-05 0 1.7888689237423619e-10 0.9999998004950197 0.9999998578153565 0.9999996821580851 0.99999950402658 0.9999992844924138 0.9999988607786846 0.99999862043358 0.9999980724532174
363 3630 2.0597831999933673e-05 0 1.3881310355623832e-10 0.9999999472622011 0.9999999226520053 0.9999999731812762 0.9999993482107489 0.9999990379305912 0.9999976536076873 0.999995588879946 0.9999917907301092
364 3640 1.8786678256988618e-05 0 7.406700015257306e-11 1.0000002076655765 1.0000003448914114 1.0000001714369726 0.9999998900486523 1.000000216723805 1.00000061534049 1.000001176368717 1.000002475894212
365 3650 1.7923366071313458e-05 0 9.948293478575308e-11 0.9999999341298951 0.9999998221146817 0.9999997933221131 0.9999994981557443 0.9999996416940136 0.9999998738968726 0.9999997795517185 0.9999999963442049
366 3660 1.83402994552192e-05 0 1.1120041680458573e-10 0.9999999557027494 0.9999999310198802 1.0000000745505406 1.0000002014815257 1.0000003752745552 1.000001592952845 1.0000029409942988 1.0000063056894686
367 3670 1.7431456006613667e-05 0 4.301678103893165e-11 1.0000000154565984 1.0000001976947392 1.000000196435563 1.0000001934087017 1.0000003761009406 1.0000009091341107 1.0000015471354915 1.0000026584309292
368 3680 1.653648680847039e-05 0 9.335587244883802e-11 0.9999998489338777 1.0000000308648627 0.9999998776099432 0.9999993284543737 0.9999992832253629 0.9999984138176217 0.9999966354412161 0.9999931951503795
369 3690 1.635258450751228e-05 0 5.1942757933455775e-11 0.9999998864188827 1.0000000763173804 1.000000253728166 1.0000002222044682 1.00000015457156 0.9999999560347036 0.9999995884379199 0.9999990389134676
370 3700 1.5342817987355862e-05 0 4.37796410630429e-11 1.000000141070205 1.0000000824323998 1.0000001857242913 1.0000003868997573 1.0000008743457847 1.0000015618849667 1.0000026363087182 1.000005377325061
371 3710 1.4344161918531743e-05 0 4.458811872102684e-11 1.0000000286308288 1.0000001903446045 1.0000002112582491 1.0000003569923053 1.0000008389029154 1.0000018778093767 1.0000040096635712 1.0000082836586337
372 3720 1.1947007563614715e-05 0 2.9900298955686545e-11 0.9999999844759584 1.0000000435588545 0.9999999957040658 1.0000000413696308 1.0000002387593918 1.0000006601695455 1.0000013918666788 1.0000032258038243
373 3730 1.1107533569383742e-05 0 2.8172002646428417e-11 0.999999990592899 0.9999999880181171 0.9999998024102182 0.9999995897977006 0.9999993951480747 0.9999987258007526 0.9999972958174503 0.9999948767986262
374 3740 1.02516835557998e-05 0 1.1788280639057958e-11 1.0000000323885296 0.9999999733053205 0.9999998596173252 0.9999997110478325 0.9999995626664199 0.9999990479653001 0.9999979803138058 0.9999960603827825
375 3750 9.475207349226498e-06 0 1.3219691003681623e-11 0.999999943893734 0.9999999406490656 1.00000001313597 1.0000001693656488 1.0000002475290275 1.0000003799952548 1.0000005578437234 1.000000962061617
376 3760 8.680089252814454e-06 0 1.0245201577762748e-11 0.9999999730035684 1.0000000085398835 0.9999999023122942 0.9999998140167395 0.9999998904391239 0.9999998493521983 0.9999996029523883 0.9999991919315703
377 3770 7.786366418954236e-06 0 8.121385723342417e-12 0.9999999628403683 1.0000000829168898 1.0000001362513804 1.0000001221136516 1.00000026283782 1.0000004376920386 1.0000009649792534 1.0000018625194598
378 3780 7.317731612478689e-06 0 1.0658171699830193e-11 1.0000000761978232 0.9999999240700325 0.9999998884242252 0.9999998333191288 0.9999998089235665 0.9999996387417454 0.9999991454814171 0.9999982457874201
379 3790 6.387742686975677e-06 0 5.499101337929789e-12 1.0000000012216035 1.0000000006064793 0.9999999450046657 0.999999921528818 1.0000000221106728 1.0000000334406038 1.000000045434917 0.9999999564448437
380 3800 5.8319788469775446e-06 0 4.285273225760095e-12 0.9999999754064921 1.000000049866602 1.0000000215963292 1.0000000433059528 1.0000000871342893 1.0000002952193938 1.0000006726040893 1.0000013397799155
381 3810 5.049012379741674e-06 0 4.69063640795086e-12 1.0000000048576467 0.9999999943138111 0.9999999829503051 0.9999998692361546 0.9999998801037305 0.9999997519837764 0.9999993928700527 0.9999987714660241
382 3820 4.782378160359498e-06 0 2.8896746387858704e-12 0.9999999610517939 0.9999999899237093 0.9999999799179582 1.0000000636447457 1.0000001168199437 1.0000001448184428 1.0000002237847045 1.000000430901789
383 3830 4.332444550561603e-06 0 1.2740239061786883e-12 0.9999999589194156 0.9999999755876459 0.9999999750818683 0.9999999637750264 0.999999914183317 0.9999997874474705 0.9999995810413307 0.9999992286773898
384 3840 4.036902690817564e-06 0 1.7855172411629695e-12 1.000000003698266 0.9999999642633576 0.999999976344106 0.9999999985453786 1.0000000241240365 0.999999957005542 0.9999998661847862 0.9999997260393869
385 3850 3.765325614455071e-06 0 9.045325777326165e-13 0.9999999839959923 0.9999999526133418 0.9999999474745978 0.9999999294955906 0.9999998487594032 0.9999997085694982 0.9999994367895582 0.9999989029921387
386 3860 3.7361756853941e-06 0 2.2846143922524265e-12 0.9999999892903477 0.999999959002017 1.0000000015635782 1.0000000449037003 1.0000000950034849 1.0000002323848607 1.000000524921186 1.0000011196310177
387 3870 3.4543200617314552e-06 0 1.5065357910608008e-12 1.0000000246479486 0.9999999656065708 0.9999999970119898 1.0000000060898242 1.0000000114628549 1.000000000361599 1.000000055633814 1.0000001145724755
388 3880 3.1783914524472887e-06 0 1.4244637696067367e-12 1.0000000266140352 0.9999999808091494 0.999999959245766 0.9999998984265995 0.9999998088781148 0.9999996142576902 0.9999992313772622 0.9999984858911547
389 3890 2.8369162281167e-06 0 1.461075964865572e-12 1.0000000127051853 0.9999999629107614 0.9999999410911761 0.999999891823384 0.9999998471675181 0.9999997369244582 0.9999994801038911 0.9999989338470495
390 3900 2.5463034577422217e-06 0 1.0782439406818741e-12 1.000000019104357 0.9999999737643439 0.9999999544112286 0.9999999110503895 0.9999998479190348 0.9999997335227588 0.9999994958611212 0.9999989998830449
391 3910 2.410870587067808e-06 0 7.720892548139212e-13 1.0000000029911897 1.0000000065204808 0.9999999773497075 0.9999999294903988 0.9999998928582997 0.9999998274552804 0.9999996727050016 0.9999993780553091
392 3920 2.3526095185542795e-06 0 5.778182477370791e-13 1.0000000111956602 0.9999999838587201 0.9999999719764789 0.9999999813728846 0.9999999808932436 0.9999999560996973 0.9999999035153988 0.9999997590021575
393 3930 2.385000214278168e-06 0 2.585671580409718e-13 1.0000000095787651 0.9999999972635183 0.9999999885696221 1.0000000100585484 1.0000000099287987 1.0000000463488523 1.0000000870963301 1.0000001811606414
394 3940 2.1741280288138374e-06 0 5.057364833655453e-13 0.9999999924641181 0.9999999817220432 0.9999999913763301 0.9999999769347621 0.9999999705241586 0.9999999848486109 0.9999999755903769 0.9999999956278081
395 3950 1.9729787769396116e-06 0 2.732818567973867e-13 0.9999999863133335 0.9999999882664883 0.9999999995609292 1.0000000006553673 0.9999999906104328 1.0000000152512472 1.0000000150641954 1.0000000510075373
396 3960 1.874939045978399e-06 0 3.907695255934009e-13 0.9999999999583226 1.0000000104824582 1.0000000244441425 1.0000000406470693 1.000000070711607 1.0000001141335795 1.0000001799882574 1.0000003591712345
397 3970 1.6150082045802077e-06 0 8.433972204579438e-14 1.0000000103722662 1.0000000120506014 1.0000000108597122 1.000000020586376 1.0000000363558617 1.0000000525066137 1.000000102947385 1.0000002050222296
398 3980 1.3961243431077995e-06 0 1.5760813634489035e-13 1.0000000149085289 1.0000000025586462 1.000000005954713 0.9999999888358829 0.9999999905426482 0.9999999851624232 0.9999999646689608 0.9999999211996654
399 3990 1.2850008343963215e-06 0 9.350869000733338e-14 0.9999999865698082 0.999999992230305 1.0000000023530136 0.9999999924804114 0.9999999900387714 0.999999985285477 0.9999999745393113 0.9999999535176147
400 4000 1.1509092015546561e-06 0 1.0087065804885364e-13 1.0000000113094814 1.000000011242262 1.0000000085147285 0.9999999938469492 0.9999999897214313 0.999999985521418 0.9999999661701691 0.9999999403182396
401 4010 9.84729014876124e-07 0 6.637464911795034e-14 1.0000000000850016 1.0000000003874345 1.0000000074420685 0.9999999946574448 0.9999999985831911 0.9999999974545659 1.0000000026641978 1.0000000132660518
402 4020 9.230042063541028e-07 0 8.986883392874569e-14 1.0000000024688473 1.0000000079630627 1.0000000090179764 0.9999999938131047 0.9999999980716309 0.9999999990784424 1.0000000054703084 1.0000000199751242
403 4030 9.052325606780736e-07 0 9.78617116755364e-14 1.0000000061024503 1.000000010304745 1.0000000006969259 0.9999999899545116 0.9999999998219065 1.000000002699347 1.0000000070588038 1.000000020117852
404 4040 8.817020948873982e-07 0 5.3362867840214545e-14 1.0000000063696075 1.0000000104976228 1.0000000119091306 1.0000000092074757 1.000000022946784 1.0000000346280422 1.0000000708512011 1.000000138333705
405 4050 8.038315764375559e-07 0 9.075540555948981e-14 1.000000005340547 1.0000000159158662 1.0000000167256502 1.0000000137513012 1.0000000164624037 1.0000000278308456 1.0000000632512736 1.0000001271819619
406 4060 7.261385927997072e-07 0 6.556150106180417e-14 1.0000000074456652 1.0000000029537968 1.0000000106214582 1.0000000068457013 1.0000000051905604 1.0000000008045153 1.0000000025505966 1.0000000158793365
407 4070 6.915609131461353e-07 0 2.253924535414051e-14 1.000000005527645 1.000000003643971 1.0000000015954622 0.9999999975679488 0.9999999958461335 0.9999999954534049 0.9999999815635701 0.9999999626859112
408 4080 5.58012896940453e-07 0 3.163489628020651e-14 1.0000000046935804 1.0000000050086 1.0000000100212447 1.0000000094234716 1.0000000121847317 1.0000000268584095 1.000000043543793 1.000000087653944
409 4090 5.010903417931594e-07 0 1.6953320222885244e-14 1.0000000057525258 1.0000000055945049 1.0000000041155945 1.0000000022438162 0.9999999990553902 0.9999999946783021 0.9999999874618226 0.9999999759760845
410 4100 4.822613921954512e-07 0 1.9226029268731326e-14 1.0000000029259557 1.0000000029006493 1.0000000035660708 0.9999999996470238 1.000000000198117 1.0000000064707892 1.000000009106619 1.000000009933379
411 4110 4.262167794762955e-07 0 1.152187465362475e-14 1.0000000049226134 1.0000000021356368 1.0000000033370713 1.000000002155626 1.0000000004170049 0.9999999983505445 0.9999999933302612 0.9999999875967079
412 4120 3.871959023315731e-07 0 1.2427212068330186e-14 1.0000000028351117 1.0000000030670995 1.0000000019813586 0.9999999955489721 0.9999999910310166 0.9999999796115525 0.9999999602316368 0.9999999215785512
412 4120 3.871959023315731e-07 0 1.2427212068330186e-14 1.0000000028351117 1.0000000030670995 1.0000000019813586 0.9999999955489721 0.9999999910310166 0.9999999796115525 0.9999999602316368 0.9999999215785512
